OFF
257 505 0
0.596158 0.489831 0.192133 
0.753770 0.483766 0.149864 
0.618394 0.469588 0.194744 
0.678390 0.887882 0.181747 
0.707559 0.883207 0.155906 
0.775749 0.842861 0.125420 
0.746501 0.862174 0.154381 
0.662301 0.894246 0.152517 
0.698026 0.887432 0.115807 
0.746133 0.866126 0.123990 
0.736106 0.857750 0.193574 
0.668174 0.872482 0.187399 
0.760800 0.850414 0.104432 
0.661682 0.894473 0.114835 
0.620569 0.897849 0.163883 
0.710637 0.872874 0.195561 
0.741771 0.838906 0.211900 
0.703989 0.833592 0.202029 
0.755276 0.820576 0.209921 
0.787166 0.826878 0.108586 
0.755628 0.844986 0.184372 
0.675897 0.887966 0.099722 
0.574511 0.900537 0.129318 
0.722342 0.837800 0.210032 
0.725341 0.872683 0.103562 
0.771564 0.820392 0.179891 
0.789261 0.820473 0.133594 
0.619622 0.899613 0.126806 
0.551887 0.893225 0.123853 
0.562311 0.897538 0.144661 
0.624673 0.862586 0.172028 
0.670538 0.852095 0.189124 
0.541264 0.879797 0.108334 
0.528188 0.866434 0.126723 
0.592466 0.868308 0.162063 
0.692851 0.832259 0.159591 
0.566756 0.893172 0.103070 
0.594093 0.887050 0.160491 
0.597826 0.856904 0.143633 
0.711608 0.815380 0.165385 
0.800699 0.784858 0.136203 
0.806767 0.749202 0.124375 
0.540793 0.847730 0.106337 
0.541054 0.886503 0.141717 
0.529004 0.826529 0.111837 
0.525433 0.849518 0.115098 
0.564175 0.866216 0.153179 
0.723237 0.806961 0.212864 
0.733446 0.772057 0.220093 
0.756459 0.771358 0.226691 
0.772274 0.796976 0.195554 
0.610537 0.896432 0.100656 
0.544293 0.849427 0.148249 
0.560530 0.851905 0.138562 
0.585840 0.842421 0.141839 
0.725888 0.783694 0.168909 
0.520816 0.846187 0.139424 
0.520558 0.813346 0.127026 
0.604243 0.841495 0.136266 
0.623554 0.832915 0.149410 
0.653180 0.847677 0.152319 
0.769224 0.750425 0.212713 
0.803842 0.741897 0.140887 
0.579519 0.831208 0.135533 
0.631624 0.814368 0.141135 
0.731162 0.729936 0.176796 
0.565170 0.825405 0.142199 
0.641522 0.782898 0.158114 
0.653706 0.744831 0.164602 
0.701444 0.699191 0.176258 
0.550054 0.821524 0.141278 
0.539572 0.819629 0.150410 
0.692300 0.704098 0.160001 
0.757696 0.717612 0.230647 
0.801627 0.686634 0.133623 
0.733500 0.721460 0.224454 
0.774175 0.693719 0.204352 
0.574595 0.873545 0.101979 
0.800110 0.797559 0.109095 
0.662673 0.730830 0.154544 
0.711355 0.681112 0.164029 
0.792955 0.679000 0.162012 
0.543033 0.775932 0.114157 
0.644311 0.762194 0.149569 
0.713739 0.671916 0.180560 
0.528871 0.762191 0.120953 
0.726927 0.686081 0.182056 
0.789573 0.628293 0.134749 
0.711944 0.645814 0.168648 
0.790439 0.640750 0.156971 
0.725813 0.645120 0.230679 
0.749353 0.748002 0.116361 
0.760708 0.646767 0.221468 
0.569114 0.811051 0.137347 
0.708348 0.625512 0.184715 
0.544239 0.757971 0.159078 
0.801393 0.732930 0.116980 
0.525793 0.741867 0.153407 
0.780622 0.582240 0.152348 
0.742825 0.615900 0.237078 
0.750296 0.571296 0.221319 
0.568750 0.717702 0.156584 
0.709892 0.594571 0.190961 
0.715277 0.535057 0.239073 
0.712215 0.577151 0.232752 
0.642743 0.622128 0.133042 
0.725154 0.513472 0.237865 
0.735005 0.502400 0.220518 
0.530972 0.693933 0.140267 
0.696112 0.572733 0.176122 
0.693703 0.526467 0.197401 
0.558235 0.707027 0.157142 
0.687953 0.539812 0.191966 
0.766096 0.535445 0.173408 
0.674032 0.501288 0.183324 
0.682975 0.496652 0.198634 
0.705124 0.475387 0.240623 
0.753630 0.514001 0.142694 
0.750336 0.475272 0.171225 
0.584260 0.607814 0.165011 
0.545398 0.586253 0.172424 
0.668288 0.490186 0.195992 
0.685509 0.485543 0.233608 
0.550785 0.549521 0.153171 
0.562162 0.602041 0.178671 
0.656867 0.479987 0.184871 
0.551263 0.630321 0.133805 
0.587924 0.530380 0.182986 
0.599377 0.501879 0.179498 
0.636306 0.474807 0.184916 
0.616735 0.481116 0.182899 
0.645241 0.472704 0.196627 
0.667934 0.467426 0.202481 
0.668966 0.461086 0.228774 
0.569568 0.520801 0.147142 
0.557327 0.514419 0.184730 
0.642660 0.457701 0.198920 
0.691442 0.437609 0.234123 
0.736334 0.452737 0.186608 
0.652389 0.521564 0.144801 
0.559500 0.503655 0.158832 
0.646471 0.452810 0.220523 
0.667300 0.441279 0.230532 
0.712315 0.446233 0.222949 
0.575972 0.507009 0.193080 
0.700204 0.420540 0.151027 
0.730714 0.426744 0.153205 
0.620211 0.456999 0.210762 
0.691029 0.405044 0.214615 
0.724203 0.405383 0.160891 
0.664351 0.408546 0.222091 
0.577956 0.490042 0.151509 
0.574624 0.464545 0.196159 
0.628395 0.439664 0.217091 
0.683008 0.399124 0.144579 
0.711342 0.392452 0.180865 
0.659107 0.407262 0.148486 
0.572011 0.461157 0.178641 
0.636317 0.415777 0.218085 
0.716003 0.399846 0.147632 
0.590665 0.447250 0.158132 
0.600715 0.432166 0.206413 
0.701523 0.367562 0.164858 
0.626453 0.407281 0.150013 
0.617371 0.434569 0.155817 
0.668959 0.379841 0.205338 
0.641754 0.383659 0.206738 
0.665260 0.364142 0.124684 
0.691123 0.373651 0.188422 
0.604038 0.400161 0.153506 
0.603737 0.418937 0.158482 
0.593445 0.422321 0.190900 
0.623222 0.371094 0.196148 
0.673155 0.351381 0.123839 
0.673874 0.334102 0.136430 
0.702738 0.368136 0.147559 
0.611631 0.380451 0.135848 
0.596080 0.414717 0.175284 
0.612292 0.352625 0.116668 
0.604006 0.390787 0.186690 
0.598296 0.396929 0.168230 
0.640947 0.341637 0.114012 
0.680336 0.340296 0.158934 
0.604314 0.366875 0.187246 
0.613174 0.351151 0.191334 
0.643808 0.355011 0.194680 
0.594904 0.380062 0.171308 
0.595325 0.382307 0.147939 
0.597702 0.329456 0.106617 
0.663576 0.346106 0.184998 
0.620735 0.330548 0.190039 
0.643466 0.310413 0.161908 
0.645865 0.319480 0.120903 
0.648243 0.307687 0.137543 
0.613166 0.310849 0.108330 
0.579731 0.342119 0.182594 
0.561188 0.325393 0.107150 
0.582381 0.359847 0.129354 
0.557702 0.348764 0.148970 
0.578875 0.356512 0.170086 
0.609011 0.286329 0.123189 
0.612591 0.280763 0.146079 
0.540160 0.301739 0.100824 
0.566971 0.272654 0.110216 
0.577493 0.299657 0.100871 
0.594860 0.280136 0.171305 
0.518765 0.317686 0.118088 
0.571058 0.314617 0.188847 
0.578899 0.290828 0.186764 
0.569349 0.259760 0.128553 
0.505273 0.272741 0.100428 
0.511676 0.252456 0.105176 
0.497136 0.314929 0.143389 
0.529639 0.327399 0.166515 
0.489057 0.265891 0.189358 
0.504228 0.251209 0.186428 
0.523107 0.243798 0.174832 
0.475106 0.274547 0.104047 
0.449375 0.229882 0.102586 
0.449213 0.202788 0.116693 
0.387146 0.239411 0.115108 
0.557476 0.251311 0.154187 
0.393372 0.215156 0.103365 
0.375883 0.246743 0.136811 
0.356949 0.232793 0.130403 
0.356154 0.236413 0.158825 
0.549865 0.321903 0.181999 
0.407468 0.193724 0.107857 
0.363886 0.217936 0.110965 
0.361121 0.226701 0.178267 
0.376831 0.193539 0.104913 
0.392378 0.199495 0.191000 
0.382545 0.183089 0.185215 
0.420128 0.177147 0.132059 
0.353952 0.220184 0.144893 
0.366540 0.197382 0.118951 
0.370581 0.208696 0.190467 
0.403156 0.185105 0.182923 
0.355564 0.215514 0.162934 
0.388890 0.170846 0.118112 
0.395737 0.162324 0.144947 
0.374770 0.180889 0.123634 
0.393603 0.167346 0.168015 
0.361884 0.205766 0.173390 
0.380453 0.169977 0.142296 
0.379587 0.174523 0.164068 
0.358703 0.211788 0.126056 
0.314541 0.166637 0.119345 
0.370203 0.189888 0.175930 
0.211326 0.141483 0.147462 
0.289939 0.179552 0.131324 
0.267212 0.171664 0.156746 
0.189289 0.118897 0.173894 
0.249483 0.097120 0.156046 
0.252467 0.104665 0.133599 
0.221458 0.117705 0.180664 
0.248833 0.109948 0.174837 
3 77 36 51
3 207 195 214
3 226 214 195
3 51 21 77
3 78 77 21
3 240 242 244
3 245 244 242
3 169 180 170
3 177 170 180
3 198 212 199
3 213 199 212
3 166 158 185
3 172 185 158
3 66 70 101
3 111 101 70
3 188 181 204
3 194 204 181
3 161 152 172
3 171 172 152
3 237 242 216
3 108 85 123
3 126 123 85
3 103 116 99
3 106 99 116
3 220 224 206
3 223 206 224
3 111 95 0
3 124 0 95
3 219 209 233
3 114 119 125
3 128 125 119
3 217 210 222
3 218 222 210
3 130 125 128
3 226 236 214
3 231 214 236
3 58 63 83
3 93 83 63
3 136 131 2
3 113 107 118
3 138 118 107
3 64 58 83
3 196 206 197
3 148 137 165
3 150 165 137
3 98 1 87
3 117 87 1
3 253 254 244
3 233 221 240
3 242 240 221
3 87 117 96
3 73 49 90
3 75 90 49
3 145 146 154
3 159 154 146
3 199 213 195
3 226 195 213
3 105 91 96
3 233 201 221
3 24 12 21
3 78 21 12
3 111 0 101
3 127 101 0
3 209 201 233
3 105 139 126
3 134 126 139
3 178 196 176
3 197 176 196
3 116 122 142
3 133 142 122
3 131 136 121
3 132 121 136
3 218 211 227
3 219 227 211
3 53 70 38
3 66 38 70
3 78 91 77
3 105 77 91
3 91 78 96
3 83 93 79
3 119 79 93
3 87 74 98
3 89 98 74
3 220 217 228
3 222 228 217
3 196 188 202
3 204 202 188
3 138 149 118
3 1 118 149
3 181 173 194
3 192 194 173
3 81 89 74
3 247 241 254
3 243 238 252
3 251 252 238
3 32 36 42
3 77 42 36
3 100 113 89
3 98 89 113
3 222 218 230
3 227 230 218
3 157 140 177
3 160 177 140
3 30 11 34
3 37 34 11
3 156 163 145
3 164 145 163
3 213 212 225
3 223 225 212
3 184 190 172
3 185 172 190
3 80 72 88
3 109 88 72
3 210 204 218
3 211 218 204
3 248 243 255
3 252 255 243
3 69 84 65
3 86 65 84
3 202 217 196
3 206 196 217
3 146 1 149
3 119 109 72
3 54 38 66
3 105 96 139
3 117 139 96
3 163 156 176
3 178 176 156
3 97 57 108
3 85 108 57
3 61 76 62
3 81 62 76
3 46 43 52
3 56 52 43
3 11 31 23
3 17 23 31
3 181 178 167
3 55 68 65
3 69 65 68
3 227 219 239
3 233 239 219
3 109 119 114
3 204 203 211
3 219 211 203
3 31 11 30
3 11 14 37
3 104 99 90
3 55 35 67
3 60 67 35
3 139 151 134
3 20 25 26
3 40 26 25
3 188 196 178
3 155 162 149
3 175 149 162
3 147 0 153
3 152 153 0
3 92 100 89
3 42 44 45
3 85 82 126
3 76 73 92
3 95 71 97
3 190 189 185
3 127 119 101
3 81 76 89
3 92 89 76
3 39 35 55
3 68 55 67
3 60 35 31
3 250 249 251
3 252 251 249
3 48 55 65
3 132 122 115
3 154 167 156
3 178 156 167
3 53 52 70
3 71 70 52
3 128 127 0
3 159 173 167
3 37 43 46
3 83 67 64
3 166 150 158
3 27 51 22
3 36 22 51
3 144 152 0
3 191 189 205
3 208 205 189
3 154 159 167
3 221 216 242
3 250 247 254
3 34 37 46
3 105 126 82
3 143 148 155
3 168 155 148
3 147 2 0
3 104 122 103
3 116 103 122
3 213 229 226
3 14 7 27
3 49 61 50
3 7 8 13
3 21 13 8
3 66 101 93
3 223 212 206
3 107 100 106
3 54 59 38
3 109 114 112
3 121 112 114
3 6 10 20
3 230 227 239
3 18 49 50
3 1 164 151
3 122 104 110
3 189 191 182
3 86 90 75
3 121 114 125
3 168 165 189
3 124 135 144
3 9 6 5
3 225 229 213
3 71 95 70
3 111 70 95
3 199 187 198
3 208 215 216
3 96 41 62
3 32 42 45
3 4 15 6
3 150 137 142
3 15 10 6
3 129 2 131
3 152 135 157
3 90 102 104
3 234 250 251
3 116 142 137
3 88 94 84
3 143 107 106
3 157 135 140
3 19 5 26
3 199 195 183
3 99 106 100
3 34 46 38
3 7 3 4
3 4 3 15
3 15 3 11
3 14 3 7
3 9 8 4
3 9 24 8
3 9 12 24
3 19 12 5
3 6 20 5
3 12 9 5
3 78 12 19
3 26 5 20
3 16 20 10
3 23 15 11
3 7 4 8
3 8 24 21
3 25 20 18
3 78 19 26
3 14 29 37
3 17 35 39
3 23 16 15
3 27 13 51
3 21 51 13
3 36 28 22
3 14 27 22
3 29 14 22
3 30 60 31
3 18 20 16
3 49 18 16
3 23 17 47
3 45 33 32
3 30 38 60
3 40 25 50
3 28 43 29
3 32 43 28
3 32 33 43
3 43 33 56
3 34 38 30
3 47 39 55
3 41 96 78
3 43 37 29
3 56 33 45
3 54 63 58
3 59 67 60
3 49 73 61
3 62 40 50
3 82 42 77
3 82 44 42
3 82 85 44
3 44 57 45
3 38 46 53
3 47 55 48
3 47 48 49
3 75 49 48
3 85 57 44
3 57 97 56
3 63 54 66
3 64 59 58
3 50 61 62
3 96 62 74
3 53 46 52
3 71 52 56
3 74 62 81
3 66 93 63
3 67 59 64
3 65 75 48
3 76 61 73
3 79 69 68
3 75 65 86
3 83 79 68
3 72 69 79
3 69 80 84
3 99 92 73
3 105 82 77
3 80 69 72
3 80 88 84
3 90 99 73
3 96 74 87
3 84 94 86
3 88 109 94
3 102 90 86
3 102 86 94
3 99 100 92
3 101 119 93
3 112 94 109
3 124 95 97
3 120 97 108
3 124 97 120
3 1 98 113
3 103 99 104
3 104 102 110
3 112 115 110
3 116 143 106
3 143 138 107
3 110 115 122
3 113 118 1
3 121 115 112
3 137 143 116
3 121 132 115
3 133 122 132
3 139 117 1
3 135 124 120
3 129 125 130
3 123 126 134
3 123 134 140
3 127 128 119
3 131 125 129
3 148 143 137
3 128 0 130
3 130 2 129
3 132 141 133
3 151 140 134
3 2 130 0
3 141 132 136
3 140 151 160
3 147 141 136
3 153 142 141
3 155 138 143
3 155 149 138
3 145 164 1
3 141 147 153
3 158 150 142
3 148 165 168
3 151 139 1
3 154 156 145
3 146 149 159
3 171 152 157
3 161 153 152
3 159 149 175
3 177 171 157
3 164 160 151
3 165 150 166
3 168 162 155
3 175 173 159
3 163 170 164
3 170 160 164
3 177 160 170
3 168 182 162
3 169 163 176
3 170 163 169
3 189 165 185
3 185 165 166
3 182 168 189
3 162 182 175
3 171 179 172
3 173 181 167
3 174 192 173
3 187 176 197
3 187 169 176
3 169 187 180
3 173 175 174
3 174 175 182
3 180 187 186
3 179 177 180
3 183 184 172
3 193 192 174
3 188 178 181
3 183 186 199
3 174 182 193
3 182 191 193
3 195 184 183
3 197 198 187
3 199 186 187
3 207 190 184
3 201 193 191
3 207 208 190
3 194 192 200
3 189 190 208
3 193 200 192
3 193 201 200
3 205 201 191
3 204 194 203
3 203 194 200
3 200 209 203
3 198 197 212
3 206 212 197
3 209 200 201
3 216 205 208
3 219 203 209
3 216 221 205
3 205 221 201
3 202 204 210
3 202 210 217
3 214 208 207
3 220 206 217
3 215 208 214
3 215 214 231
3 237 216 215
3 237 215 231
3 220 228 224
3 230 228 222
3 246 234 224
3 246 224 228
3 238 229 225
3 225 223 224
3 224 234 225
3 225 234 238
3 239 233 240
3 234 246 250
3 228 235 246
3 243 236 229
3 228 230 235
3 247 246 235
3 229 238 243
3 236 243 248
3 237 231 232
3 232 231 236
3 232 242 237
3 232 245 242
3 234 251 238
3 232 236 248
3 245 232 248
3 239 240 244
3 256 245 248
3 239 244 241
3 253 244 245
3 245 256 253
3 250 246 247
3 256 248 255
3 4 6 9
3 35 17 31
3 7 13 27
3 18 50 25
3 15 16 10
3 16 23 49
3 39 47 17
3 26 40 78
3 28 36 32
3 22 28 29
3 40 41 78
3 49 23 47
3 40 62 41
3 59 54 58
3 60 38 59
3 56 45 57
3 71 56 97
3 67 83 68
3 72 79 119
3 102 94 112
3 113 100 107
3 102 112 110
3 120 108 123
3 120 123 135
3 0 124 144
3 121 125 131
3 135 123 140
3 144 135 152
3 136 2 147
3 1 146 145
3 142 153 158
3 161 158 153
3 158 161 172
3 171 177 179
3 172 179 183
3 179 180 186
3 179 186 183
3 184 195 207
3 226 229 236
3 230 239 241
3 235 241 247
3 241 244 254
3 141 142 133
3 14 11 3
3 235 230 241
