OFF
262 515 0
0.189289 0.118897 0.173894 
0.211326 0.141483 0.147462 
0.221458 0.117705 0.180664 
0.248833 0.109948 0.174837 
0.249483 0.097120 0.156046 
0.252467 0.104665 0.133599 
0.267212 0.171664 0.156746 
0.289939 0.179552 0.131324 
0.314541 0.166637 0.119345 
0.353952 0.220184 0.144893 
0.355564 0.215514 0.162934 
0.356154 0.236413 0.158825 
0.356949 0.232793 0.130403 
0.358703 0.211788 0.126056 
0.361121 0.226701 0.178267 
0.361884 0.205766 0.173390 
0.363886 0.217936 0.110965 
0.366540 0.197382 0.118951 
0.370203 0.189888 0.175930 
0.370581 0.208696 0.190467 
0.374770 0.180889 0.123634 
0.375883 0.246743 0.136811 
0.376831 0.193539 0.104913 
0.379587 0.174523 0.164068 
0.380453 0.169977 0.142296 
0.382545 0.183089 0.185215 
0.387146 0.239411 0.115108 
0.388890 0.170846 0.118112 
0.392378 0.199495 0.191000 
0.393372 0.215156 0.103365 
0.393603 0.167346 0.168015 
0.395737 0.162324 0.144947 
0.403156 0.185105 0.182923 
0.407468 0.193724 0.107857 
0.420128 0.177147 0.132059 
0.449213 0.202788 0.116693 
0.449375 0.229882 0.102586 
0.475106 0.274547 0.104047 
0.489057 0.265891 0.189358 
0.497136 0.314929 0.143389 
0.504228 0.251209 0.186428 
0.505273 0.272741 0.100428 
0.511676 0.252456 0.105176 
0.518765 0.317686 0.118088 
0.520558 0.813346 0.127026 
0.520816 0.846187 0.139424 
0.523107 0.243798 0.174832 
0.525433 0.849518 0.115098 
0.525793 0.741867 0.153407 
0.528188 0.866434 0.126723 
0.528871 0.762191 0.120953 
0.529004 0.826529 0.111837 
0.529639 0.327399 0.166515 
0.530972 0.693933 0.140267 
0.539572 0.819629 0.150410 
0.540160 0.301739 0.100824 
0.540793 0.847730 0.106337 
0.541054 0.886503 0.141717 
0.541264 0.879797 0.108334 
0.543033 0.775932 0.114157 
0.544239 0.757971 0.159078 
0.544293 0.849427 0.148249 
0.545398 0.586253 0.172424 
0.549865 0.321903 0.181999 
0.550054 0.821524 0.141278 
0.550785 0.549521 0.153171 
0.551263 0.630321 0.133805 
0.551887 0.893225 0.123853 
0.557327 0.514419 0.184730 
0.557476 0.251311 0.154187 
0.557702 0.348764 0.148970 
0.558235 0.707027 0.157142 
0.559500 0.503655 0.158832 
0.560530 0.851905 0.138562 
0.561188 0.325393 0.107150 
0.562162 0.602041 0.178671 
0.562311 0.897538 0.144661 
0.564175 0.866216 0.153179 
0.565170 0.825405 0.142199 
0.566756 0.893172 0.103070 
0.566971 0.272654 0.110216 
0.568750 0.717702 0.156584 
0.569114 0.811051 0.137347 
0.569349 0.259760 0.128553 
0.569568 0.520801 0.147142 
0.571058 0.314617 0.188847 
0.572011 0.461157 0.178641 
0.574511 0.900537 0.129318 
0.574595 0.873545 0.101979 
0.574624 0.464545 0.196159 
0.575972 0.507009 0.193080 
0.576568 0.533785 0.182383 
0.577493 0.299657 0.100871 
0.577956 0.490042 0.151509 
0.578875 0.356512 0.170086 
0.578899 0.290828 0.186764 
0.579519 0.831208 0.135533 
0.579731 0.342119 0.182594 
0.582381 0.359847 0.129354 
0.584260 0.607814 0.165011 
0.585840 0.842421 0.141839 
0.587924 0.530380 0.182986 
0.590312 0.488564 0.189556 
0.590665 0.447250 0.158132 
0.592466 0.868308 0.162063 
0.593445 0.422321 0.190900 
0.594093 0.887050 0.160491 
0.594860 0.280136 0.171305 
0.594904 0.380062 0.171308 
0.595325 0.382307 0.147939 
0.595952 0.471534 0.202504 
0.596080 0.414717 0.175284 
0.597702 0.329456 0.106617 
0.597826 0.856904 0.143633 
0.598296 0.396929 0.168230 
0.599377 0.501879 0.179498 
0.600715 0.432166 0.206413 
0.602620 0.488307 0.190029 
0.603737 0.418937 0.158482 
0.604006 0.390787 0.186690 
0.604038 0.400161 0.153506 
0.604243 0.841495 0.136266 
0.604314 0.366875 0.187246 
0.609011 0.286329 0.123189 
0.610537 0.896432 0.100656 
0.611631 0.380451 0.135848 
0.612292 0.352625 0.116668 
0.612591 0.280763 0.146079 
0.613166 0.310849 0.108330 
0.613174 0.351151 0.191334 
0.614478 0.465175 0.195453 
0.616735 0.481116 0.182899 
0.617371 0.434569 0.155817 
0.619622 0.899613 0.126806 
0.620211 0.456999 0.210762 
0.620569 0.897849 0.163883 
0.620735 0.330548 0.190039 
0.622310 0.474000 0.194036 
0.623222 0.371094 0.196148 
0.623554 0.832915 0.149410 
0.624673 0.862586 0.172028 
0.626453 0.407281 0.150013 
0.628395 0.439664 0.217091 
0.631624 0.814368 0.141135 
0.636306 0.474807 0.184916 
0.636317 0.415777 0.218085 
0.640947 0.341637 0.114012 
0.641522 0.782898 0.158114 
0.641754 0.383659 0.206738 
0.642660 0.457701 0.198920 
0.642743 0.622128 0.133042 
0.643466 0.310413 0.161908 
0.643808 0.355011 0.194680 
0.644311 0.762194 0.149569 
0.645241 0.472704 0.196627 
0.645865 0.319480 0.120903 
0.646471 0.452810 0.220523 
0.648243 0.307687 0.137543 
0.652389 0.521564 0.144801 
0.653180 0.847677 0.152319 
0.653706 0.744831 0.164602 
0.656867 0.479987 0.184871 
0.659107 0.407262 0.148486 
0.661682 0.894473 0.114835 
0.662301 0.894246 0.152517 
0.662673 0.730830 0.154544 
0.663576 0.346106 0.184998 
0.664351 0.408546 0.222091 
0.665260 0.364142 0.124684 
0.667300 0.441279 0.230532 
0.667934 0.467426 0.202481 
0.668174 0.872482 0.187399 
0.668288 0.490186 0.195992 
0.668959 0.379841 0.205338 
0.668966 0.461086 0.228774 
0.670538 0.852095 0.189124 
0.673155 0.351381 0.123839 
0.673874 0.334102 0.136430 
0.674032 0.501288 0.183324 
0.675897 0.887966 0.099722 
0.678390 0.887882 0.181747 
0.680336 0.340296 0.158934 
0.682975 0.496652 0.198634 
0.683008 0.399124 0.144579 
0.685509 0.485543 0.233608 
0.687953 0.539812 0.191966 
0.691029 0.405044 0.214615 
0.691123 0.373651 0.188422 
0.691442 0.437609 0.234123 
0.692300 0.704098 0.160001 
0.692851 0.832259 0.159591 
0.693703 0.526467 0.197401 
0.696112 0.572733 0.176122 
0.698026 0.887432 0.115807 
0.700204 0.420540 0.151027 
0.701444 0.699191 0.176258 
0.701523 0.367562 0.164858 
0.702738 0.368136 0.147559 
0.703989 0.833592 0.202029 
0.705124 0.475387 0.240623 
0.707559 0.883207 0.155906 
0.708348 0.625512 0.184715 
0.709892 0.594571 0.190961 
0.710637 0.872874 0.195561 
0.711342 0.392452 0.180865 
0.711355 0.681112 0.164029 
0.711608 0.815380 0.165385 
0.711944 0.645814 0.168648 
0.712215 0.577151 0.232752 
0.712315 0.446233 0.222949 
0.713739 0.671916 0.180560 
0.715277 0.535057 0.239073 
0.716003 0.399846 0.147632 
0.722342 0.837800 0.210032 
0.723237 0.806961 0.212864 
0.724203 0.405383 0.160891 
0.725154 0.513472 0.237865 
0.725341 0.872683 0.103562 
0.725813 0.645120 0.230679 
0.725888 0.783694 0.168909 
0.726927 0.686081 0.182056 
0.730714 0.426744 0.153205 
0.731162 0.729936 0.176796 
0.733446 0.772057 0.220093 
0.733500 0.721460 0.224454 
0.735005 0.502400 0.220518 
0.736106 0.857750 0.193574 
0.736334 0.452737 0.186608 
0.741771 0.838906 0.211900 
0.742825 0.615900 0.237078 
0.742837 0.451855 0.149813 
0.746133 0.866126 0.123990 
0.746501 0.862174 0.154381 
0.749353 0.748002 0.116361 
0.750296 0.571296 0.221319 
0.750336 0.475272 0.171225 
0.753630 0.514001 0.142694 
0.755276 0.820576 0.209921 
0.755628 0.844986 0.184372 
0.756459 0.771358 0.226691 
0.757696 0.717612 0.230647 
0.760708 0.646767 0.221468 
0.760800 0.850414 0.104432 
0.764704 0.515676 0.149916 
0.766096 0.535445 0.173408 
0.769224 0.750425 0.212713 
0.771564 0.820392 0.179891 
0.772274 0.796976 0.195554 
0.774175 0.693719 0.204352 
0.775749 0.842861 0.125420 
0.780622 0.582240 0.152348 
0.787166 0.826878 0.108586 
0.789261 0.820473 0.133594 
0.789573 0.628293 0.134749 
0.790439 0.640750 0.156971 
0.792955 0.679000 0.162012 
0.800110 0.797559 0.109095 
0.800699 0.784858 0.136203 
0.801393 0.732930 0.116980 
0.801627 0.686634 0.133623 
0.803842 0.741897 0.140887 
0.806767 0.749202 0.124375 
3 0 2 15
3 0 6 1
3 3 18 2
3 3 23 18
3 4 5 24
3 4 24 23
3 6 0 10
3 7 1 6
3 7 8 5
3 7 13 8
3 8 13 17
3 8 20 5
3 9 6 10
3 9 7 6
3 9 13 7
3 10 14 11
3 11 9 10
3 11 14 52
3 11 21 12
3 12 9 11
3 13 9 12
3 13 12 16
3 14 10 15
3 15 10 0
3 15 19 14
3 16 17 13
3 16 22 17
3 17 20 8
3 17 22 20
3 18 15 2
3 19 15 18
3 20 24 5
3 21 11 39
3 21 39 43
3 21 43 12
3 22 16 29
3 22 27 20
3 22 33 27
3 23 3 4
3 23 24 30
3 23 25 18
3 25 19 18
3 25 23 30
3 25 28 19
3 25 30 32
3 26 12 43
3 26 16 12
3 26 37 16
3 26 43 37
3 27 24 20
3 27 31 24
3 27 34 31
3 28 38 19
3 29 16 37
3 29 36 22
3 30 31 69
3 31 30 24
3 32 28 25
3 32 30 46
3 32 40 28
3 32 46 40
3 33 22 36
3 33 35 27
3 34 27 35
3 34 69 31
3 34 127 69
3 35 33 42
3 35 42 80
3 35 80 83
3 35 83 34
3 36 29 41
3 36 42 33
3 37 41 29
3 38 95 85
3 40 38 28
3 40 95 38
3 41 92 36
3 42 36 92
3 43 39 98
3 43 74 37
3 44 48 45
3 45 47 44
3 45 49 47
3 45 61 57
3 46 69 107
3 46 107 95
3 47 49 58
3 48 44 53
3 50 44 51
3 50 53 44
3 50 59 66
3 51 44 47
3 52 14 63
3 52 39 11
3 52 94 39
3 53 50 65
3 54 45 48
3 54 60 64
3 54 61 45
3 54 64 61
3 55 37 74
3 55 41 37
3 55 92 41
3 56 51 47
3 57 49 45
3 57 106 76
3 58 49 57
3 58 56 47
3 58 57 67
3 58 79 56
3 59 50 51
3 59 51 56
3 59 56 88
3 60 54 48
3 62 48 53
3 62 53 65
3 62 65 68
3 63 14 19
3 63 19 38
3 63 38 97
3 63 97 52
3 65 66 84
3 65 84 72
3 66 65 50
3 67 57 76
3 67 79 58
3 68 65 72
3 68 75 62
3 69 46 30
3 70 39 94
3 70 98 39
3 71 60 91
3 71 64 60
3 71 81 64
3 71 91 81
3 72 93 103
3 73 61 64
3 73 64 113
3 73 77 61
3 74 43 98
3 74 112 55
3 75 48 62
3 75 60 48
3 75 68 90
3 75 91 60
3 76 135 87
3 77 57 61
3 78 64 81
3 78 81 82
3 78 82 96
3 78 113 64
3 79 67 87
3 79 87 124
3 80 128 123
3 81 99 82
3 82 153 96
3 83 123 127
3 83 127 34
3 84 66 158
3 85 95 136
3 85 97 38
3 85 136 129
3 86 68 72
3 86 72 111
3 87 67 76
3 88 56 79
3 88 79 124
3 89 68 86
3 89 142 110
3 90 68 89
3 90 89 110
3 90 102 91
3 90 110 102
3 91 75 90
3 92 55 112
3 92 80 42
3 92 128 80
3 93 72 84
3 93 158 230
3 94 52 97
3 94 97 122
3 94 108 109
3 94 109 70
3 95 40 46
3 95 107 166
3 96 100 78
3 97 129 122
3 98 70 109
3 98 125 74
3 99 165 82
3 99 192 189
3 100 96 121
3 100 113 78
3 100 139 113
3 101 81 91
3 101 99 81
3 101 115 99
3 102 101 91
3 102 117 101
3 103 111 72
3 104 77 113
3 104 106 77
3 104 113 140
3 105 89 86
3 105 111 119
3 105 119 138
3 105 138 89
3 106 57 77
3 106 104 171
3 107 69 127
3 107 127 151
3 109 120 125
3 109 125 98
3 111 103 118
3 111 105 86
3 111 118 114
3 112 74 126
3 112 126 146
3 112 146 92
3 113 77 73
3 114 109 108
3 115 101 117
3 115 117 131
3 115 161 99
3 116 89 138
3 116 142 89
3 116 145 142
3 117 102 137
3 118 103 132
3 118 141 120
3 119 108 122
3 119 111 114
3 119 114 108
3 120 109 114
3 120 114 118
3 120 141 125
3 121 96 153
3 122 108 94
3 122 129 138
3 123 83 80
3 124 179 88
3 126 74 125
3 126 125 162
3 126 162 168
3 127 157 151
3 128 92 146
3 128 155 123
3 129 97 85
3 129 136 138
3 130 102 110
3 130 137 102
3 131 137 144
3 131 161 115
3 132 103 93
3 132 194 141
3 133 124 87
3 133 163 124
3 134 110 142
3 134 130 110
3 134 156 149
3 135 76 106
3 135 133 87
3 135 164 133
3 135 171 180
3 135 180 164
3 136 166 152
3 137 130 154
3 137 131 117
3 138 119 122
3 138 152 145
3 139 100 121
3 139 147 159
3 140 113 159
3 140 159 175
3 140 171 104
3 141 118 132
3 141 162 125
3 142 169 156
3 143 121 153
3 143 139 121
3 144 137 154
3 144 161 131
3 145 116 138
3 145 167 169
3 146 126 168
3 146 176 128
3 147 139 143
3 147 153 160
3 148 145 152
3 148 167 145
3 149 130 134
3 149 154 130
3 150 59 88
3 150 66 59
3 150 88 233
3 150 158 66
3 150 233 258
3 150 258 158
3 151 166 107
3 152 138 136
3 152 173 148
3 153 82 165
3 153 147 143
3 153 165 160
3 154 149 172
3 154 161 144
3 155 128 176
3 156 134 142
3 156 169 174
3 156 170 149
3 157 123 155
3 157 127 123
3 157 155 177
3 158 93 84
3 158 236 230
3 159 113 139
3 159 147 190
3 159 190 175
3 160 219 147
3 162 141 194
3 164 163 133
3 164 180 200
3 164 193 163
3 164 200 193
3 165 195 160
3 166 136 95
3 166 151 181
3 166 173 152
3 167 173 188
3 167 188 169
3 169 142 145
3 170 156 174
3 170 172 149
3 170 184 182
3 171 135 106
3 171 175 213
3 172 161 154
3 172 170 182
3 172 178 161
3 172 182 185
3 172 185 178
3 173 167 148
3 174 169 184
3 174 184 170
3 175 171 140
3 176 146 168
3 176 197 177
3 177 155 176
3 177 181 157
3 177 197 181
3 178 99 161
3 179 124 163
3 179 163 193
3 181 151 157
3 181 187 166
3 183 162 194
3 183 168 162
3 183 212 168
3 184 208 191
3 185 182 191
3 185 201 192
3 186 173 187
3 186 188 173
3 186 209 188
3 187 173 166
3 187 181 196
3 187 196 204
3 187 204 186
3 188 209 199
3 189 165 99
3 189 195 165
3 190 198 175
3 191 182 184
3 192 99 178
3 192 178 185
3 192 207 189
3 193 217 179
3 194 132 230
3 194 221 183
3 195 205 210
3 195 210 222
3 195 222 160
3 196 181 197
3 197 176 212
3 197 215 196
3 198 190 206
3 198 213 175
3 199 169 188
3 199 184 169
3 199 209 216
3 199 211 184
3 200 180 203
3 200 203 232
3 200 232 231
3 202 185 191
3 202 201 185
3 202 218 220
3 202 220 201
3 203 180 171
3 203 226 232
3 203 228 226
3 204 196 215
3 204 215 227
3 204 227 209
3 205 189 207
3 205 195 189
3 205 207 210
3 206 190 219
3 206 214 198
3 207 192 201
3 207 201 210
3 208 184 211
3 208 202 191
3 208 229 218
3 209 186 204
3 209 225 216
3 209 227 225
3 210 201 220
3 211 199 229
3 211 229 208
3 212 176 168
3 212 183 221
3 212 215 197
3 213 198 214
3 213 203 171
3 213 228 203
3 214 206 219
3 214 219 223
3 214 223 239
3 216 229 199
3 217 242 179
3 218 202 208
3 218 229 240
3 219 160 222
3 219 190 147
3 220 218 224
3 220 222 210
3 221 215 212
3 221 230 215
3 222 224 223
3 223 219 222
3 224 218 239
3 224 222 220
3 224 239 223
3 225 234 216
3 227 215 235
3 227 235 225
3 228 213 239
3 228 238 226
3 229 216 234
3 229 234 241
3 229 241 240
3 230 132 93
3 230 221 194
3 230 235 215
3 230 236 243
3 230 243 235
3 231 193 200
3 231 217 193
3 231 232 249
3 231 242 217
3 232 226 238
3 232 238 249
3 233 256 258
3 234 244 254
3 236 158 258
3 236 253 243
3 237 238 228
3 237 239 247
3 237 247 246
3 238 246 252
3 239 213 214
3 239 237 228
3 239 240 245
3 239 245 247
3 240 239 218
3 241 234 254
3 241 254 248
3 242 231 249
3 243 250 244
3 244 225 235
3 244 234 225
3 244 235 243
3 245 248 260
3 246 238 237
3 247 245 260
3 248 240 241
3 248 245 240
3 250 243 253
3 250 254 244
3 251 242 249
3 251 249 252
3 252 249 238
3 252 257 256
3 253 236 258
3 253 259 250
3 254 250 259
3 255 248 254
3 255 254 259
3 255 260 248
3 256 88 179
3 256 179 242
3 256 233 88
3 256 242 251
3 256 251 252
3 257 246 247
3 257 252 246
3 257 260 261
3 257 261 256
3 258 259 253
3 258 260 259
3 258 261 260
3 259 260 255
3 260 257 247
3 261 258 256
