OFF
639 1255 0
-63.734985 -88.820587 142.843506 
7.966037 -191.242249 118.170998 
94.693100 -74.807053 176.005493 
96.721100 -70.662704 168.666748 
83.105515 -86.969177 166.636002 
-35.732700 -162.988007 178.014496 
-29.767651 -165.823761 184.499252 
-59.302349 -86.085754 169.106995 
34.976578 -186.854752 205.187744 
-9.128700 -175.763489 116.632500 
-63.526699 -2.900590 26.938549 
-2.932422 -171.311005 196.039246 
21.959076 -188.582764 146.460754 
94.241798 -62.844849 160.152008 
42.850372 -178.207489 196.717499 
-16.047550 -176.232513 199.152252 
-63.107323 -73.862503 195.268250 
-29.127651 -171.274002 193.591003 
-1.864775 -196.394012 148.538513 
-59.431000 -60.616249 179.561493 
61.630199 -165.617996 191.497009 
-21.614700 -172.857239 189.619003 
80.026505 -94.304428 150.564499 
38.858650 -176.052994 119.851501 
31.424250 -172.628998 191.331497 
-61.012051 -81.563950 172.222504 
80.079552 -91.072052 155.109985 
80.631546 -62.900650 170.649002 
44.243000 -175.992493 188.747986 
16.509001 -184.903000 81.622597 
7.571580 -177.197998 72.417999 
23.080999 -176.500000 72.901703 
3.102710 -183.981003 82.727898 
18.480499 -167.639999 70.011902 
11.801100 -209.089996 146.257004 
16.299101 -204.992004 145.298004 
6.099460 -210.406998 151.533997 
15.241700 -193.556000 110.703003 
24.245001 -193.009995 115.412003 
20.559601 -208.619003 150.332993 
14.580300 -211.992996 153.886993 
-4.299670 -174.695999 75.194603 
10.656700 -185.701996 104.825996 
7.238390 -192.431000 110.469002 
15.846600 -196.501007 121.873001 
38.435501 -107.039001 22.163099 
25.107000 -111.116997 23.893000 
23.070601 -184.386002 103.792000 
24.612499 -199.449005 148.007996 
7.043990 -112.096001 22.168900 
12.868500 -113.692001 31.523100 
7.030010 -146.462006 71.848900 
2.157580 -190.718002 113.378998 
6.998410 -203.054993 145.725998 
25.505699 -190.819000 109.779999 
22.716700 -188.591995 119.940002 
16.344000 -198.074005 143.897003 
19.068100 -195.173004 134.481003 
28.127800 -190.703003 144.005997 
25.696600 -199.981995 153.923996 
20.017300 -206.643005 161.085999 
-7.396410 -110.504997 22.146999 
9.558140 -196.639999 123.632004 
5.589660 -208.837006 159.425995 
14.946900 -119.144997 48.353600 
28.932400 -179.815002 79.981201 
26.479000 -193.266998 123.504997 
1.276380 -182.505997 102.295998 
-2.874540 -186.324005 115.123001 
6.207870 -188.108002 151.466995 
10.122100 -197.820999 142.988998 
29.932100 -188.296005 114.669998 
27.949499 -185.434006 119.896004 
23.699100 -189.595001 136.531998 
31.900900 -191.806000 147.854996 
14.624000 -207.003998 167.115005 
11.695600 -131.190002 68.847702 
-7.259630 -176.826004 85.853996 
0.220627 -185.367004 119.168999 
-2.597670 -192.304993 144.824997 
23.511801 -114.315002 40.217800 
23.488001 -119.825996 59.551601 
22.664499 -127.551003 68.338898 
21.220699 -142.362000 71.702499 
31.531700 -155.074005 72.352097 
41.498199 -166.013000 82.995102 
32.946301 -176.807007 99.410103 
28.781401 -185.119003 146.406006 
-0.101044 -165.123001 70.907402 
-0.943192 -189.279999 121.999001 
-2.649810 -184.181000 147.078995 
32.945499 -168.623993 73.760696 
29.552700 -184.944000 154.065994 
20.079300 -197.227997 172.072006 
10.227200 -122.637001 61.733299 
6.140660 -195.042999 132.149002 
3.741030 -188.643997 142.326004 
54.012798 -99.389999 22.348000 
34.440899 -108.157997 39.492901 
38.085999 -176.869995 112.454002 
-2.393720 -126.303001 69.507103 
-2.916200 -184.587006 157.602997 
9.553860 -186.408005 226.503006 
7.407940 -200.242996 173.179001 
-20.805901 -106.468002 22.147600 
-2.427170 -111.716003 42.181400 
-4.398160 -136.516998 73.074303 
-19.104401 -162.115005 83.071404 
-8.512660 -182.041000 121.396004 
1.536290 -186.419998 169.115997 
11.703800 -197.136002 181.197998 
18.357500 -190.337006 187.987000 
16.717400 -188.072998 192.826004 
-5.634520 -181.240997 165.505997 
34.153301 -112.545998 61.394299 
23.255899 -186.052002 174.613007 
-16.266800 -155.639999 75.604401 
-11.329500 -173.132996 105.374001 
5.665120 -183.354004 187.947006 
8.744110 -186.826996 192.522003 
9.455660 -187.697006 198.436005 
76.169296 -79.990097 21.533100 
46.624901 -101.417000 34.243999 
47.198101 -163.380005 95.255203 
28.478500 -183.936005 163.604996 
42.616402 -180.246994 240.884003 
19.860701 -191.294998 210.563995 
24.111500 -179.274002 187.056000 
22.221001 -183.507004 194.128006 
-16.532600 -171.964005 117.917999 
-8.732670 -180.425003 150.880997 
-11.034200 -179.444000 250.328995 
0.356506 -178.151993 180.682007 
33.600800 -120.213997 69.606400 
40.488300 -174.679993 136.757996 
37.451401 -179.544998 158.451996 
25.679001 -173.712006 191.539001 
6.952260 -183.175995 249.367004 
-8.826290 -175.218002 174.121994 
3.428920 -173.623001 189.009003 
-9.129970 -184.145004 230.574005 
-7.023470 -188.307007 217.363998 
4.267780 -176.065994 193.108002 
48.437901 -143.139008 79.940697 
53.176701 -150.026993 87.316704 
44.060101 -169.910995 116.678001 
30.131100 -173.026001 185.628998 
24.791500 -177.787003 195.951004 
21.433500 -187.798996 199.619003 
26.779100 -184.097000 199.912994 
-39.257999 -95.778000 22.182600 
-15.855500 -107.317001 55.306599 
-28.134300 -144.091995 82.589600 
-21.274799 -163.231003 99.188904 
-2.222370 -171.263000 184.289993 
3.586290 -183.373993 195.804001 
63.768902 -90.397797 29.621901 
43.291302 -101.751999 50.859100 
37.430401 -131.348999 75.101097 
50.823502 -164.839996 127.598000 
44.770302 -173.294998 256.904999 
37.166302 -172.992996 182.240005 
33.833099 -174.097000 198.951996 
-6.577790 -115.623001 64.365997 
-19.254299 -169.972000 130.421997 
-11.719000 -171.636002 179.731003 
-7.417270 -188.934998 208.669998 
-1.491130 -177.110001 199.322006 
-3.291960 -185.056000 202.285995 
35.130299 -167.369995 271.104004 
25.500601 -178.046997 260.559998 
99.306900 -37.305302 21.645800 
94.539299 -56.645302 22.695801 
50.398499 -160.334000 270.173004 
46.911701 -172.322006 179.636993 
33.515900 -185.404999 229.617996 
27.527300 -173.619995 196.774994 
-68.428902 -65.758904 21.956900 
-43.485802 -89.442902 31.964800 
-27.997299 -100.391998 67.585800 
-17.606300 -122.584999 77.815804 
-31.896999 -131.921997 85.718201 
-16.979200 -171.449005 262.821014 
-10.059900 -172.914001 186.966003 
-10.563500 -174.285004 200.748993 
-9.421800 -184.098999 204.128006 
84.048103 -70.921997 26.955999 
56.862400 -89.444901 45.077301 
59.940701 -149.875000 109.726997 
59.064400 -158.317993 131.011993 
49.205601 -175.729996 158.095001 
42.471600 -189.186996 210.074005 
39.140800 -175.518997 195.207001 
1.902650 -174.505005 266.161987 
-77.670403 -46.678398 20.374001 
-29.957399 -172.470001 159.235992 
-23.058300 -180.735992 222.158997 
-18.421499 -170.826996 179.358002 
-8.148610 -174.882996 194.942993 
97.571198 -21.866899 22.274599 
55.016998 -120.987000 86.671799 
51.207199 -174.313995 184.304993 
49.483700 -183.544998 205.927994 
44.748798 -180.059998 201.891998 
-75.095596 -53.521900 27.980801 
-57.977501 -77.263603 28.389299 
-24.106001 -104.599998 76.490898 
-25.935699 -173.516998 248.796997 
-21.831800 -185.440002 209.535004 
-17.436701 -183.139008 204.945999 
65.678001 -81.552597 41.101799 
43.390800 -115.773003 77.728699 
65.212097 -138.033997 105.746002 
61.450600 -162.598999 253.619995 
61.972900 -165.393005 148.600006 
54.878399 -170.134995 179.632004 
51.563400 -174.619995 189.492004 
47.990799 -181.214996 197.179993 
-32.709801 -98.192200 37.799099 
-25.052700 -172.559006 185.832993 
-20.810400 -177.863998 196.970001 
99.804497 -37.657398 30.576099 
89.894402 -42.583801 33.874298 
64.073898 -131.362000 94.039902 
59.001801 -172.139008 239.938995 
63.984299 -166.998001 164.794006 
53.655102 -179.427002 220.169006 
56.530102 -171.186996 186.335007 
56.671101 -181.477997 208.921997 
-79.471001 -35.337200 26.776400 
-36.403900 -143.865997 102.094002 
-31.602301 -156.151993 120.397003 
-24.437201 -175.466003 200.205994 
62.083500 -81.092903 57.236401 
52.797001 -92.690598 62.096901 
59.089699 -110.778999 94.257599 
53.951401 -178.106003 201.276993 
57.684601 -175.268997 198.574997 
-52.435699 -73.595299 40.121201 
-34.011501 -171.955994 218.582001 
84.764801 -3.695560 18.344101 
73.586098 -66.912300 44.655300 
65.708504 -148.516998 262.964996 
54.931599 -178.100006 195.259003 
-7.658890 -162.100998 277.404999 
16.341101 -163.334000 279.681000 
-78.628403 -24.557800 21.054899 
-43.938801 -83.396599 50.510799 
-29.924200 -111.709999 88.437698 
-39.435799 -117.876999 94.750504 
-44.803299 -156.856003 160.459000 
-29.731001 -171.654007 198.488007 
-31.687000 -178.959000 207.442993 
47.020302 -102.000999 75.564903 
66.829002 -116.456001 99.968697 
70.117897 -123.482002 105.776001 
65.799599 -146.074005 128.302002 
62.100101 -164.850006 183.561996 
68.236702 -164.919998 226.343994 
63.748600 -171.270996 213.371002 
59.568298 -171.102997 193.806000 
-24.799601 -150.584000 279.636993 
-69.461403 -39.262299 36.571098 
-64.609100 -56.536098 36.695499 
-38.350300 -90.756104 68.375298 
-41.195702 -128.121002 96.513496 
-35.765701 -156.904007 263.921997 
-37.604401 -157.529007 187.410995 
33.714100 -153.578003 284.585999 
59.455601 -141.867004 276.118988 
-33.688301 -96.215401 82.610603 
-45.702999 -137.695999 265.515015 
-35.623199 -163.001007 192.867996 
95.576698 -16.400900 26.173901 
78.487297 -51.030300 43.995800 
67.505501 -68.518700 62.146702 
63.135700 -79.575600 74.577003 
57.069199 -96.767799 93.000298 
72.584602 -154.481995 240.753998 
71.712196 -156.830994 160.927994 
63.051300 -174.423004 203.649002 
-2.387850 -149.356995 288.862000 
19.490801 -143.705994 292.722992 
-76.397400 -21.810600 27.967199 
-56.109001 -56.720200 48.966301 
-32.172298 -102.264999 90.442703 
-43.640800 -137.358002 122.167000 
-49.085999 -142.136993 148.348999 
-39.949001 -165.287003 236.063995 
-42.539398 -161.082001 216.427002 
-39.901798 -169.675003 205.751007 
39.807201 -131.893005 292.820007 
61.172600 -86.169899 91.980103 
75.761398 -133.727005 145.212006 
-68.107903 -7.033660 21.936001 
-39.728001 -135.492996 276.971008 
-45.726002 -75.286499 71.677597 
-38.776100 -101.964996 103.189003 
70.060699 -53.389801 60.075298 
76.000000 -135.300995 250.223999 
71.892097 -157.880997 181.067993 
-50.491199 -65.809402 57.588001 
-47.910301 -147.917999 248.643005 
-55.291698 -127.581001 156.561005 
-50.853600 -146.014999 226.042007 
-50.104401 -147.460999 175.281006 
-43.875401 -154.535004 190.802994 
49.345901 19.485300 20.226400 
67.723602 10.294600 25.715500 
80.236099 -17.698500 37.200401 
79.408096 -33.825199 43.199501 
66.228699 -65.574303 77.198502 
62.700401 -88.400803 105.263000 
72.503998 -109.753998 115.280998 
72.661301 -156.460999 197.475006 
-40.581699 14.798000 21.022900 
-21.189699 -133.811996 290.756012 
-51.834999 -49.706699 63.227901 
-42.244701 -84.762001 96.989700 
-51.839500 -117.747002 128.723999 
23.634701 -128.664993 298.144989 
44.962200 21.347601 27.655399 
84.395798 -4.258730 26.861900 
73.114403 -121.110001 269.362000 
81.608498 -139.003998 171.339005 
-41.410000 12.263900 29.129299 
-47.937698 -112.406998 110.739998 
-52.747200 -121.017998 262.263000 
21.474701 27.662901 23.862600 
59.862499 -117.155998 285.959991 
76.563698 -119.204002 137.738998 
79.777397 -146.787003 188.285004 
3.882870 -134.804001 296.562012 
-14.246200 24.790300 21.457399 
-34.332001 -111.123001 288.380005 
-58.127602 -39.866901 50.107201 
-40.112202 -90.936501 106.328003 
69.024300 -39.512699 59.814602 
75.046303 -98.331100 141.285004 
84.288498 -91.440300 138.891006 
87.619202 -89.172798 152.878006 
79.167603 -112.958000 255.033997 
-48.409302 -60.454899 74.382599 
-50.093399 -148.253006 198.242004 
44.156601 -108.473999 296.496002 
66.651199 -53.574402 71.946503 
66.367500 -73.404099 95.006500 
65.270897 -95.117401 113.271004 
69.862999 -94.611603 279.313995 
77.828201 -92.605003 138.134003 
87.620102 -83.658997 142.929993 
-3.932080 -118.625999 300.451996 
-60.845001 -25.207399 45.264198 
-51.156200 -25.031900 59.913601 
-49.067299 -45.799900 75.598999 
-55.096600 -99.695099 145.580994 
-60.151199 -94.985397 148.959000 
-55.356899 -128.585007 239.518005 
65.808899 -79.293999 285.609009 
84.416100 -83.960297 138.459000 
89.306602 -80.851799 154.292007 
78.684998 -81.070801 157.139008 
76.360802 -82.306602 163.557007 
84.433098 -125.552002 169.891006 
-24.412500 20.850401 28.732800 
-21.647400 -101.429001 297.678986 
-55.762798 -12.584400 44.251099 
-50.801601 -36.831402 66.951797 
-47.536598 -56.884998 89.299004 
-46.182598 -70.775101 100.528999 
-43.364201 -85.298798 118.332001 
-59.197601 -85.981499 139.658005 
-65.004303 -90.695900 154.753998 
34.984798 -99.728104 301.670013 
67.998802 -22.748600 52.707298 
62.361500 -33.811100 71.627403 
66.961998 -81.386299 125.707001 
67.592102 -89.586700 133.298004 
71.897301 -89.130402 140.653000 
77.921501 -87.983299 269.407990 
83.646004 -77.151604 160.604004 
76.304802 -150.682007 211.382996 
-3.029220 25.570200 29.487400 
-46.988701 -0.795837 41.324799 
-59.305199 -79.975899 161.569000 
-57.592400 -84.895798 158.223999 
-59.931198 -95.064697 157.151001 
-56.639301 -99.534798 158.205002 
-54.580002 -134.070999 209.199005 
63.404701 -2.593410 40.759701 
67.585098 -64.459000 111.169998 
89.636200 -75.421997 145.981995 
91.952599 -76.042900 156.529999 
82.262497 -75.536301 167.835999 
80.516403 -132.746994 229.945007 
-53.795502 -94.377296 140.707993 
-47.465302 -103.107002 277.117004 
-57.872501 -85.815697 164.214996 
48.189701 -77.580200 298.063995 
76.876297 -86.274696 141.455002 
84.772202 -75.582298 143.276993 
82.078003 -84.014503 175.544998 
86.990196 -89.332397 174.192993 
83.886497 -97.176201 173.203995 
89.549797 -89.902199 178.632004 
85.527100 -113.730003 180.582001 
84.950302 -130.417999 184.802002 
-32.419201 5.902710 47.405800 
-52.356998 -76.547600 270.446014 
-65.147903 -78.504700 145.451996 
-66.777603 -80.219704 155.753006 
-62.153999 -89.801498 163.382004 
12.729400 -112.325996 302.785004 
70.720100 -65.268600 280.257996 
64.367302 -50.544498 86.400497 
69.120697 -83.434502 139.261002 
75.639999 -78.456703 147.772003 
79.348297 -73.683098 152.826996 
92.853203 -68.970596 157.824997 
91.203102 -77.152603 173.636993 
82.858200 -85.080498 180.925003 
-37.063702 -82.769302 289.264008 
-47.248402 -78.703499 135.436005 
-58.585499 -92.093597 257.231995 
-59.427101 -77.745300 143.873001 
-59.822601 -102.412003 244.248001 
41.729401 10.174300 45.374901 
73.321297 -70.101501 149.893005 
85.219498 -81.241699 182.908997 
92.233398 -87.042702 186.281998 
-51.763000 -84.564102 145.895004 
-72.331100 -75.575600 163.813995 
-63.893799 -82.999702 176.531998 
-61.246300 -95.508598 179.623001 
25.511499 18.195200 41.852100 
30.135401 -70.589104 304.091003 
57.967602 -15.849300 61.877201 
57.964401 -60.202702 290.774994 
64.887100 -48.871700 116.633003 
86.939796 -66.132004 150.867996 
93.830803 -56.739899 173.156006 
96.492599 -79.356903 188.925995 
84.045403 -86.122101 250.847000 
90.586899 -91.827400 185.233994 
-32.150398 -59.430199 290.363007 
-68.362198 -72.053497 155.927994 
-66.052002 -80.638397 181.158005 
-62.447399 -83.498703 183.847000 
-66.003899 -90.631104 181.389008 
58.886101 -34.054501 88.985901 
80.646797 -63.743900 263.838013 
98.566704 -61.046001 178.175003 
95.136101 -65.141403 176.781006 
94.853699 -70.098503 184.369003 
98.593697 -74.210899 189.990997 
95.121902 -85.229401 192.397995 
-0.945099 -88.565804 304.842010 
-18.568600 -72.987701 299.936005 
-39.890800 -8.629460 62.621399 
-42.820400 -31.559299 92.080597 
-43.430901 -62.219398 280.276001 
-46.238800 -64.360199 121.150002 
-63.508598 -72.658096 240.011993 
-63.830700 -63.870098 154.201004 
-69.205704 -66.506897 157.028000 
-73.896698 -70.495598 169.923996 
-72.513702 -77.146797 172.302002 
-62.367699 -93.430298 185.994003 
-68.463303 -89.910202 188.929001 
18.740801 -75.029198 306.082001 
47.502701 -2.813140 59.077999 
43.151100 -58.241299 299.615997 
75.867401 -50.025398 268.367004 
89.190300 -59.463200 160.078995 
95.056503 -57.887501 180.927994 
98.897003 -63.777199 184.987000 
96.238503 -76.642097 194.222000 
92.133003 -81.625198 194.574997 
84.935799 -96.026199 182.201004 
85.441002 -100.963997 198.621002 
-11.896600 14.647200 48.132900 
-39.784401 -48.338699 279.454987 
-50.385601 -75.489799 151.108002 
-66.521202 -58.311699 162.621994 
-68.488998 -65.945503 168.520996 
-74.546204 -72.353302 177.964996 
-71.636299 -77.360603 187.977005 
-56.858398 -129.587997 178.966003 
34.711102 0.575958 71.023598 
54.518200 -20.273600 76.454201 
62.788700 -45.757301 281.908997 
83.553398 -54.154999 249.723999 
80.421097 -65.760300 164.261002 
96.559700 -69.612900 192.490005 
95.109100 -62.826698 188.673996 
-18.035200 -55.361401 297.475006 
-42.213001 -20.135401 75.611298 
-44.129902 -41.101601 103.473999 
-55.056400 -71.295502 157.938995 
-61.636101 -60.080002 164.574997 
-67.362297 -55.463501 171.044998 
-72.866600 -60.723202 170.834000 
-69.698303 -65.421097 179.100006 
-70.532097 -68.798599 186.451996 
-74.381699 -79.348900 192.604004 
-70.924103 -83.795601 193.927002 
70.329102 -60.191200 142.871002 
84.850304 -62.900299 184.283997 
-24.353600 0.179749 67.764702 
-57.784100 -64.180496 168.024994 
-58.289101 -65.297699 254.203995 
-74.498100 -63.370399 182.306000 
-75.324501 -70.819397 192.651993 
-61.106098 -91.919296 199.177002 
22.336599 8.294800 63.294399 
36.054600 -41.428600 296.355011 
64.166901 -44.722000 133.955002 
86.375099 -88.478600 191.475998 
-28.026600 -43.311401 287.303009 
-53.125999 -66.831703 161.459000 
-66.699997 -57.617802 181.445999 
-72.056702 -57.296001 180.395996 
-74.457802 -63.552200 189.188995 
-70.258904 -72.561401 195.354996 
-62.734200 -87.627403 192.205002 
72.365402 -57.245201 154.796997 
87.229401 -78.323700 194.113007 
-0.362000 -57.491798 303.304993 
-8.456070 6.268100 66.908600 
-34.471401 -18.976101 97.666100 
-43.606201 -45.690201 129.985992 
-50.385101 -49.455299 265.873993 
-47.180099 -51.043800 152.557007 
-69.771500 -59.273701 187.535004 
-70.495499 -64.874603 192.955994 
5.169330 15.010500 52.162800 
39.607498 -5.957310 82.664703 
48.866501 -19.539600 98.439697 
79.595703 -40.718102 251.227997 
87.920700 -63.737900 235.876999 
-30.267200 -10.328100 85.502403 
-39.087299 -34.993198 273.191986 
-55.948200 -61.062302 171.654999 
23.485701 -51.686600 302.350006 
24.341000 0.725281 82.948799 
55.138199 -29.559000 115.086998 
70.288300 -35.761398 266.304993 
-14.707900 -1.698490 83.418701 
-37.268101 -29.352200 119.668999 
-63.771702 -72.269501 220.343002 
-60.988998 -63.950500 187.884003 
24.136200 -33.207199 294.372009 
34.162998 -6.845730 97.818001 
54.596199 -35.978901 284.373993 
57.347900 -31.866600 140.444000 
86.591202 -68.180496 190.337006 
-28.643000 -27.483400 277.130005 
-55.965099 -43.445099 248.903000 
-61.886501 -50.258701 236.600006 
66.479599 -44.193802 152.727997 
84.192902 -43.145199 230.785004 
-48.713699 -42.572201 165.320007 
7.637040 3.252780 80.224297 
2.305940 -35.810101 295.423004 
76.775902 -28.422100 236.600998 
76.690903 -45.828400 178.042007 
87.088799 -53.937000 215.169006 
-13.725000 -38.029701 292.858002 
-28.056101 -17.764099 118.804001 
-38.829399 -32.066002 141.279007 
59.889400 -21.816200 265.338013 
68.702003 -23.298000 252.423004 
-21.324100 -9.535740 101.612999 
-46.586399 -27.246901 254.897003 
-62.976101 -52.770699 210.007004 
31.870199 -20.591400 284.079987 
82.868896 -47.826199 193.718002 
16.104099 -2.124110 98.819801 
38.267101 -12.398800 113.556000 
44.543800 -13.945400 271.493988 
-29.743299 -20.416901 139.798004 
-35.174801 -19.108101 262.104004 
-52.068901 -27.791401 235.651993 
66.728996 -16.588100 238.638000 
79.717400 -32.891899 214.518005 
-2.658490 -4.396670 103.533997 
44.432800 -18.552500 140.076004 
60.753799 -28.927900 162.921005 
-55.115898 -36.866299 191.925995 
-56.344601 -32.255199 216.977997 
18.935400 -5.893430 116.969002 
-8.314040 -18.536600 281.233002 
-18.571301 -12.697300 128.009003 
-19.622299 -10.579700 266.798004 
-39.853901 -13.711900 242.679001 
11.032200 -16.796900 282.721008 
33.434200 -2.828160 260.174988 
72.752998 -28.639500 194.582993 
-45.066601 -16.047100 223.311996 
-4.166490 -7.907380 129.451004 
29.644199 -10.749900 138.009995 
51.982800 -5.573850 248.078003 
59.771702 -8.829560 227.703995 
61.673599 -16.281200 191.839005 
11.704000 -6.969150 142.162994 
-6.417400 -8.671910 143.380005 
-0.376434 -2.982450 265.977997 
-48.209900 -22.174700 201.031006 
22.902300 -6.162480 270.612000 
34.438202 -10.428100 157.061005 
-35.744301 -21.702499 163.014008 
47.426300 -13.813000 168.324997 
69.770203 -18.615900 214.050003 
-26.091400 -6.414610 250.529007 
-32.969898 -5.956090 233.578003 
31.448400 3.031680 244.104996 
44.488400 0.881104 232.022995 
18.019600 -5.924350 159.225998 
-10.476100 1.730010 248.229996 
-0.123245 -5.888030 159.690994 
-20.508801 1.053280 234.326996 
-12.871600 -7.953890 164.412994 
-23.354300 -13.957000 157.455994 
25.818001 -3.241000 172.222000 
8.206800 4.734680 250.354996 
-36.223598 -8.089630 205.692993 
33.502399 5.569610 224.156006 
49.014301 -2.879180 205.845001 
-2.780980 7.865780 231.432007 
6.028470 -0.020416 176.182999 
16.291700 8.418880 231.917999 
-18.838699 3.459500 218.190994 
-20.536699 -0.060669 198.686005 
31.004299 3.671420 196.888000 
2.928540 9.546140 219.250000 
-7.001110 2.213500 188.828003 
-6.050090 7.642240 207.927994 
18.068399 9.290590 215.705994 
11.493700 7.145020 196.966003 
3 592 622 599
3 605 599 622
3 136 24 176
3 308 426 322
3 389 322 426
3 272 252 306
3 290 306 252
3 309 273 389
3 322 389 273
3 376 506 377
3 415 377 506
3 622 632 621
3 635 621 632
3 275 241 345
3 298 345 241
3 381 331 394
3 406 394 331
3 0 372 409
3 445 409 372
3 42 37 67
3 43 67 37
3 410 445 372
3 117 9 153
3 129 153 9
3 403 478 363
3 405 363 478
3 11 198 15
3 479 517 539
3 526 539 517
3 166 185 120
3 168 120 185
3 66 134 57
3 73 57 134
3 226 259 224
3 258 224 259
3 586 611 554
3 587 554 611
3 292 346 277
3 312 277 346
3 81 114 82
3 133 82 114
3 374 389 375
3 436 375 389
3 461 530 368
3 497 368 530
3 631 628 636
3 634 636 628
3 330 22 363
3 403 363 22
3 539 526 566
3 555 566 526
3 262 352 229
3 283 229 352
3 361 362 4
3 429 441 443
3 455 443 441
3 441 454 455
3 476 455 454
3 338 377 378
3 415 378 377
3 357 425 388
3 549 388 425
3 5 306 250
3 305 250 306
3 23 159 66
3 134 66 159
3 480 528 382
3 535 382 528
3 470 536 436
3 489 436 536
3 176 162 8
3 203 8 162
3 75 110 63
3 103 63 110
3 329 398 344
3 373 344 398
3 530 532 548
3 569 548 532
3 21 15 17
3 220 17 15
3 188 212 189
3 256 189 212
3 14 24 192
3 403 26 4
3 45 97 98
3 122 98 97
3 53 36 18
3 411 387 433
3 487 433 387
3 70 69 95
3 96 95 69
3 151 179 104
3 218 104 179
3 54 86 71
3 99 71 86
3 549 462 574
3 558 574 462
3 157 234 114
3 253 114 234
3 251 252 272
3 153 231 107
3 230 107 231
3 465 431 485
3 466 485 431
3 293 255 330
3 313 330 255
3 67 52 117
3 68 117 52
3 128 149 112
3 148 112 149
3 286 319 265
3 326 265 319
3 253 234 292
3 276 292 234
3 135 87 134
3 353 458 352
3 366 352 458
3 585 599 577
3 590 577 599
3 25 7 448
3 271 327 302
3 357 302 327
3 498 509 482
3 519 482 509
3 464 409 445
3 401 402 4
3 141 140 208
3 196 208 140
3 524 513 16
3 116 152 180
3 181 180 152
3 130 164 90
3 163 206 151
3 179 151 206
3 525 559 27
3 565 27 559
3 62 1 44
3 343 388 487
3 369 461 368
3 153 129 231
3 164 231 129
3 283 10 246
3 294 246 10
3 267 6 306
3 272 306 6
3 127 136 128
3 147 128 136
3 137 193 131
3 182 131 193
3 88 116 106
3 175 226 125
3 224 125 226
3 355 303 387
3 487 387 303
3 442 479 539
3 64 80 81
3 98 81 80
3 155 120 168
3 535 434 328
3 410 384 431
3 25 431 384
3 362 361 393
3 380 393 361
3 180 181 248
3 249 248 181
3 177 205 204
3 263 204 205
3 414 449 438
3 545 438 449
3 190 225 215
3 257 215 225
3 318 336 369
3 370 369 336
3 608 596 624
3 615 624 596
3 487 549 513
3 382 535 328
3 49 50 61
3 105 61 50
3 146 161 24
3 118 109 103
3 358 348 379
3 214 279 225
3 508 540 547
3 55 72 66
3 23 66 72
3 420 402 401
3 184 198 11
3 633 627 611
3 510 531 557
3 142 155 167
3 242 323 269
3 57 95 44
3 62 44 95
3 19 550 574
3 209 208 232
3 252 232 208
3 567 563 591
3 314 381 280
3 374 375 337
3 300 279 331
3 324 331 279
3 464 501 483
3 500 483 501
3 55 38 72
3 71 72 38
3 103 18 63
3 375 345 337
3 545 537 578
3 19 561 542
3 195 231 164
3 357 327 425
3 423 425 327
3 563 551 595
3 575 595 551
3 489 375 436
3 588 610 561
3 461 370 422
3 135 161 124
3 146 124 161
3 258 278 224
3 583 602 601
3 73 134 12
3 87 12 134
3 11 167 184
3 185 184 167
3 623 633 611
3 618 613 593
3 539 560 491
3 472 413 450
3 496 529 540
3 247 238 178
3 173 160 213
3 462 549 425
3 169 170 160
3 542 561 519
3 283 352 366
3 456 457 365
3 561 569 532
3 584 564 560
3 343 304 388
3 229 204 262
3 263 262 204
3 522 512 534
3 523 534 512
3 192 24 28
3 14 203 162
3 273 310 222
3 591 563 595
3 572 547 540
3 89 78 1
3 85 144 123
3 311 345 414
3 177 150 205
3 572 529 568
3 198 184 15
3 164 95 96
3 389 374 309
3 96 90 164
3 343 305 306
3 452 451 475
3 474 475 451
3 478 517 479
3 562 585 577
3 172 186 121
3 421 460 408
3 504 523 512
3 268 245 169
3 26 361 4
3 527 469 543
3 156 122 97
3 395 371 430
3 424 430 371
3 148 149 8
3 176 8 149
3 282 245 268
3 518 444 495
3 15 184 185
3 208 166 141
3 145 188 189
3 439 492 473
3 556 541 518
3 443 517 478
3 175 125 170
3 510 558 462
3 27 565 507
3 576 507 565
3 420 429 404
3 126 8 191
3 335 353 352
3 195 6 5
3 577 590 552
3 516 545 554
3 148 8 126
3 216 227 20
3 105 163 151
3 541 531 481
3 363 405 406
3 206 270 179
3 137 140 102
3 141 102 140
3 438 506 390
3 458 508 407
3 227 257 20
3 196 140 131
3 548 459 497
3 579 570 601
3 346 390 376
3 280 259 228
3 505 524 16
3 463 424 409
3 480 364 407
3 351 365 316
3 145 86 123
3 78 9 68
3 589 607 588
3 283 366 10
3 606 624 618
3 157 122 187
3 377 338 347
3 31 30 33
3 1 43 37
3 23 71 99
3 175 126 191
3 576 597 584
3 115 111 93
3 586 578 600
3 243 237 236
3 280 236 237
3 266 207 182
3 281 316 261
3 77 67 117
3 205 150 178
3 303 355 319
3 625 607 598
3 13 440 451
3 474 451 440
3 132 118 139
3 498 430 463
3 565 587 597
3 143 200 223
3 54 47 86
3 629 619 621
3 608 579 596
3 347 254 235
3 375 489 449
3 32 30 29
3 31 29 30
3 495 527 567
3 105 94 163
3 493 475 494
3 359 391 350
3 486 503 485
3 502 485 503
3 413 472 490
3 224 160 125
3 583 564 612
3 584 612 564
3 114 98 157
3 553 515 471
3 348 358 329
3 518 567 556
3 153 107 77
3 481 518 541
3 432 25 446
3 447 446 25
3 212 144 223
3 466 431 25
3 456 351 412
3 494 475 474
3 372 385 410
3 384 410 385
3 210 186 241
3 93 59 74
3 543 563 527
3 137 175 170
3 52 67 43
3 79 18 90
3 544 488 514
3 499 19 509
3 542 509 19
3 163 180 206
3 248 206 180
3 106 51 88
3 312 376 347
3 247 264 296
3 172 171 221
3 47 29 65
3 31 65 29
3 88 33 30
3 32 41 30
3 42 32 29
3 34 39 40
3 36 34 40
3 47 42 29
3 41 88 30
3 77 32 67
3 1 37 38
3 35 39 34
3 33 91 31
3 65 31 91
3 48 39 35
3 51 83 33
3 88 41 116
3 41 32 77
3 32 42 67
3 47 37 42
3 38 55 1
3 44 1 55
3 53 35 34
3 12 35 56
3 63 18 36
3 63 36 40
3 33 83 84
3 158 84 83
3 91 33 84
3 71 38 54
3 35 12 48
3 59 39 48
3 60 40 39
3 76 83 51
3 33 88 51
3 107 116 41
3 66 44 55
3 34 36 53
3 70 35 53
3 70 56 35
3 40 75 63
3 86 47 65
3 37 47 54
3 38 37 54
3 44 66 57
3 58 74 48
3 12 58 48
3 39 59 60
3 75 40 60
3 106 76 51
3 41 77 107
3 43 1 52
3 69 70 53
3 70 57 56
3 70 95 57
3 98 46 45
3 80 50 46
3 80 64 50
3 85 65 91
3 73 12 56
3 48 74 59
3 93 60 59
3 104 61 105
3 105 50 64
3 1 68 52
3 89 1 62
3 69 53 18
3 98 80 46
3 81 94 64
3 76 94 82
3 82 83 76
3 56 57 73
3 87 58 12
3 87 74 58
3 93 75 60
3 105 64 94
3 78 68 1
3 62 95 89
3 79 69 18
3 81 82 94
3 158 83 82
3 65 85 123
3 65 123 86
3 23 72 71
3 92 74 87
3 100 94 76
3 9 117 68
3 69 79 96
3 90 96 79
3 101 90 18
3 103 101 18
3 101 103 109
3 110 75 111
3 84 158 143
3 91 84 143
3 144 85 91
3 99 86 145
3 145 23 99
3 92 87 135
3 124 74 92
3 124 93 74
3 115 93 124
3 111 75 93
3 100 76 106
3 77 117 153
3 108 9 78
3 108 78 89
3 130 90 101
3 157 98 122
3 81 98 114
3 133 158 82
3 102 175 137
3 116 107 152
3 89 95 108
3 164 108 95
3 144 91 143
3 135 124 92
3 104 105 151
3 94 100 163
3 180 163 100
3 106 180 100
3 164 129 108
3 109 113 101
3 140 137 131
3 125 160 170
3 159 23 145
3 190 135 134
3 102 126 175
3 129 9 108
3 113 130 101
3 132 113 109
3 118 132 109
3 141 126 102
3 119 103 110
3 119 118 103
3 111 112 110
3 119 110 112
3 134 214 190
3 128 112 111
3 150 104 218
3 180 106 116
3 107 230 152
3 195 130 113
3 138 113 132
3 120 112 148
3 120 119 112
3 121 156 97
3 225 190 214
3 127 111 115
3 128 111 127
3 138 6 195
3 113 138 195
3 131 207 196
3 155 118 119
3 155 119 120
3 126 120 148
3 253 133 114
3 158 133 211
3 188 123 144
3 159 145 189
3 115 124 127
3 146 136 127
3 178 150 218
3 207 131 182
3 139 154 132
3 142 118 155
3 142 139 118
3 126 141 166
3 166 120 126
3 187 122 156
3 188 145 123
3 213 160 224
3 127 124 146
3 146 24 136
3 147 149 128
3 130 195 164
3 154 138 132
3 11 139 142
3 169 160 173
3 210 187 156
3 253 211 133
3 158 211 200
3 200 143 158
3 143 223 144
3 214 134 159
3 174 135 190
3 161 135 174
3 162 176 24
3 176 147 136
3 176 149 147
3 193 137 170
3 244 182 193
3 182 244 261
3 265 181 152
3 265 152 230
3 197 6 138
3 138 165 197
3 138 154 165
3 139 11 154
3 167 11 142
3 268 173 269
3 268 169 173
3 241 186 172
3 121 186 156
3 186 210 156
3 212 188 144
3 159 189 214
3 242 173 213
3 215 174 190
3 14 162 24
3 245 193 170
3 204 194 177
3 218 247 178
3 21 197 165
3 183 154 11
3 183 165 154
3 207 288 196
3 252 208 196
3 168 167 155
3 169 245 170
3 172 222 241
3 234 157 187
3 242 269 173
3 174 28 161
3 24 161 28
3 175 191 226
3 238 263 205
3 238 205 178
3 264 218 179
3 165 183 21
3 209 166 208
3 209 185 166
3 185 167 168
3 171 199 221
3 222 172 221
3 274 241 222
3 233 234 187
3 214 189 256
3 279 214 256
3 201 174 215
3 201 28 174
3 201 216 28
3 228 226 191
3 14 28 216
3 14 192 28
3 202 8 203
3 202 191 8
3 270 264 179
3 285 270 206
3 248 285 206
3 181 265 249
3 266 182 261
3 250 231 195
3 266 288 207
3 239 196 288
3 219 197 21
3 183 11 21
3 15 21 11
3 185 209 15
3 187 210 233
3 278 242 213
3 20 14 216
3 228 202 236
3 191 202 228
3 236 202 203
3 193 245 244
3 194 229 246
3 229 194 204
3 230 231 286
3 250 286 231
3 266 302 288
3 250 195 5
3 196 239 252
3 290 252 239
3 197 219 6
3 232 220 15
3 210 241 233
3 200 211 235
3 254 200 235
3 254 223 200
3 255 212 223
3 212 293 256
3 242 278 299
3 227 201 215
3 227 216 201
3 226 228 259
3 243 14 20
3 243 217 14
3 217 203 14
3 217 236 203
3 261 295 266
3 21 6 219
3 15 209 232
3 273 221 199
3 273 222 221
3 310 274 222
3 277 211 253
3 277 235 211
3 255 223 254
3 255 293 212
3 278 213 224
3 300 225 279
3 215 257 227
3 243 236 217
3 283 246 229
3 263 238 284
3 264 247 218
3 318 264 270
3 287 286 250
3 220 232 17
3 251 17 232
3 251 232 252
3 275 233 241
3 276 234 233
3 347 235 277
3 323 242 299
3 381 278 258
3 300 257 225
3 280 228 236
3 243 260 237
3 280 237 260
3 20 260 243
3 281 244 245
3 281 261 244
3 230 286 265
3 305 287 250
3 267 306 5
3 5 6 267
3 289 239 288
3 17 272 6
3 21 17 6
3 272 17 251
3 240 273 199
3 274 298 241
3 233 275 276
3 277 253 292
3 293 279 256
3 279 293 324
3 381 258 259
3 281 245 282
3 335 352 262
3 335 262 263
3 238 301 284
3 238 247 301
3 297 248 249
3 266 295 271
3 290 239 289
3 322 273 240
3 291 268 269
3 329 291 269
3 275 311 276
3 278 381 394
3 316 295 261
3 335 263 284
3 301 247 296
3 248 297 285
3 249 326 297
3 326 249 265
3 344 373 291
3 337 298 274
3 345 311 275
3 255 254 313
3 313 254 347
3 341 323 299
3 20 257 300
3 280 381 259
3 20 280 260
3 332 281 282
3 316 281 332
3 264 318 296
3 327 271 295
3 302 266 271
3 343 290 289
3 282 268 291
3 240 308 322
3 291 329 344
3 310 273 309
3 329 269 323
3 276 311 346
3 338 330 313
3 314 20 300
3 332 282 320
3 294 10 315
3 316 334 295
3 396 295 334
3 342 301 296
3 369 296 318
3 318 270 285
3 318 285 336
3 319 286 287
3 396 327 295
3 303 287 305
3 304 288 302
3 304 289 288
3 320 282 291
3 320 291 373
3 310 337 274
3 346 292 276
3 347 277 312
3 363 293 330
3 324 293 363
3 278 394 299
3 280 20 314
3 412 332 320
3 351 316 332
3 10 325 315
3 317 284 301
3 317 335 284
3 297 336 285
3 326 370 297
3 319 287 303
3 305 487 303
3 343 289 304
3 290 343 306
3 240 307 308
3 374 337 310
3 348 329 323
3 331 314 300
3 367 335 317
3 296 369 342
3 336 297 370
3 395 326 319
3 302 357 304
3 307 321 308
3 426 308 321
3 374 310 309
3 298 337 345
3 299 394 341
3 406 331 324
3 381 314 331
3 364 333 315
3 325 364 315
3 365 334 316
3 353 335 367
3 317 301 342
3 423 327 396
3 304 357 388
3 305 343 487
3 307 328 321
3 323 379 348
3 414 346 311
3 376 312 346
3 313 347 338
3 379 323 341
3 330 338 22
3 382 333 364
3 383 325 10
3 317 354 367
3 317 342 354
3 395 370 326
3 319 355 395
3 320 373 412
3 434 321 328
3 434 426 321
3 358 398 329
3 442 379 341
3 338 339 22
3 22 350 340
3 22 339 350
3 324 363 406
3 351 332 412
3 382 328 333
3 407 364 325
3 383 407 325
3 366 383 10
3 421 334 365
3 354 342 368
3 368 342 369
3 461 369 370
3 356 355 387
3 426 470 389
3 349 339 338
3 359 350 339
3 22 26 403
3 351 456 365
3 334 421 396
3 422 370 395
3 355 356 0
3 375 414 345
3 414 390 346
3 379 413 358
3 349 338 378
3 339 349 359
3 399 359 349
3 340 350 360
3 22 340 360
3 22 361 26
3 442 341 394
3 459 367 354
3 497 354 368
3 395 355 0
3 449 414 375
3 506 376 390
3 347 376 377
3 349 378 399
3 400 391 359
3 360 350 391
3 361 22 360
3 4 362 393
3 366 458 383
3 496 458 353
3 353 367 496
3 354 497 459
3 0 371 395
3 371 0 409
3 0 356 372
3 386 356 387
3 386 372 356
3 487 388 549
3 373 469 412
3 435 373 398
3 437 398 358
3 413 437 358
3 450 413 379
3 416 378 415
3 416 399 378
3 400 359 399
3 392 360 391
3 392 380 360
3 361 360 380
3 393 380 392
3 401 4 393
3 480 382 364
3 365 457 421
3 459 496 367
3 408 396 421
3 408 423 396
3 424 371 409
3 386 385 372
3 384 385 7
3 397 7 385
3 411 386 387
3 373 435 469
3 435 398 471
3 437 471 398
3 379 442 450
3 439 391 400
3 13 392 391
3 539 450 442
3 2 392 3
3 2 393 392
3 419 401 393
3 403 4 402
3 383 458 407
3 25 384 7
3 385 386 397
3 411 397 386
3 433 487 513
3 470 436 389
3 438 390 414
3 417 439 400
3 391 439 13
3 418 3 392
3 418 392 13
3 393 2 419
3 428 401 419
3 402 420 404
3 443 404 429
3 478 479 405
3 479 406 405
3 394 406 442
3 508 480 407
3 395 430 422
3 431 445 410
3 397 411 7
3 433 7 411
3 456 412 469
3 514 426 434
3 413 490 437
3 537 449 489
3 427 415 506
3 27 492 417
3 416 27 417
3 399 416 417
3 400 399 417
3 452 3 418
3 428 420 401
3 419 2 428
3 403 404 478
3 443 478 404
3 402 404 403
3 442 406 479
3 529 496 459
3 421 444 460
3 531 408 460
3 531 510 408
3 510 423 408
3 409 464 463
3 466 25 432
3 448 7 433
3 513 467 433
3 470 426 488
3 516 506 438
3 525 427 506
3 415 427 416
3 27 416 427
3 439 417 492
3 491 450 539
3 473 13 439
3 418 13 452
3 429 420 428
3 441 428 2
3 495 444 457
3 457 444 421
3 532 422 482
3 532 461 422
3 422 430 482
3 423 510 462
3 425 423 462
3 430 424 463
3 543 469 435
3 488 426 514
3 543 435 471
3 553 471 437
3 553 437 490
3 545 516 438
3 525 27 427
3 473 440 13
3 453 2 3
3 454 441 2
3 428 441 429
3 528 480 508
3 444 481 460
3 532 530 461
3 430 498 482
3 431 465 445
3 432 446 466
3 486 466 446
3 448 447 25
3 433 467 448
3 504 446 447
3 467 513 524
3 535 514 434
3 536 537 489
3 559 506 516
3 491 472 450
3 27 440 473
3 27 474 440
3 13 451 452
3 3 452 453
3 475 453 452
3 2 453 454
3 475 454 453
3 477 517 455
3 517 443 455
3 527 457 456
3 540 508 458
3 481 444 518
3 499 498 463
3 483 463 464
3 484 445 465
3 484 464 445
3 504 486 446
3 447 448 504
3 468 504 448
3 468 448 467
3 527 456 469
3 470 488 536
3 537 545 449
3 546 490 472
3 538 472 491
3 538 546 472
3 538 571 546
3 493 454 475
3 493 476 454
3 455 476 477
3 526 477 476
3 526 517 477
3 527 495 457
3 547 528 508
3 458 496 540
3 548 529 459
3 531 460 481
3 497 530 548
3 519 532 482
3 483 499 463
3 484 501 464
3 500 501 521
3 502 465 485
3 502 484 465
3 466 486 485
3 504 511 503
3 467 524 468
3 505 468 524
3 468 505 504
3 515 543 471
3 560 538 491
3 566 560 539
3 27 473 492
3 507 474 27
3 507 494 474
3 555 494 507
3 476 493 526
3 555 526 493
3 509 498 499
3 483 500 499
3 19 499 500
3 520 500 521
3 502 501 484
3 504 503 486
3 512 511 504
3 523 504 505
3 488 544 536
3 551 543 515
3 575 515 553
3 546 553 490
3 525 506 559
3 493 494 555
3 495 567 518
3 542 519 509
3 557 558 510
3 19 500 520
3 511 501 502
3 511 521 501
3 511 502 503
3 522 511 512
3 549 16 513
3 16 523 505
3 554 559 516
3 576 555 507
3 528 547 562
3 548 568 529
3 561 532 519
3 550 19 520
3 522 533 521
3 511 522 521
3 562 514 535
3 514 562 544
3 552 536 544
3 515 575 551
3 553 546 570
3 564 571 538
3 560 564 538
3 563 567 527
3 585 562 547
3 573 531 541
3 531 573 557
3 521 533 520
3 550 520 533
3 534 533 522
3 523 16 534
3 550 534 16
3 543 551 563
3 577 552 544
3 552 537 536
3 553 579 575
3 528 562 535
3 572 540 529
3 581 573 541
3 533 534 550
3 574 550 16
3 577 544 562
3 537 552 578
3 586 554 545
3 585 547 572
3 581 541 556
3 569 580 548
3 582 558 557
3 574 16 549
3 578 552 590
3 545 578 586
3 579 553 570
3 546 571 570
3 587 559 554
3 560 566 584
3 591 556 567
3 548 580 568
3 610 569 561
3 582 557 573
3 19 588 561
3 589 574 558
3 587 565 559
3 555 576 566
3 591 593 556
3 556 593 581
3 589 558 582
3 601 570 571
3 583 601 571
3 576 565 597
3 576 584 566
3 568 592 572
3 569 610 580
3 608 575 579
3 564 583 571
3 572 592 585
3 568 580 592
3 594 573 581
3 594 582 573
3 608 595 575
3 583 612 602
3 599 585 592
3 613 581 593
3 607 610 588
3 574 589 588
3 588 19 574
3 596 579 601
3 622 592 580
3 613 594 581
3 598 582 594
3 598 589 582
3 578 590 600
3 604 600 590
3 586 609 611
3 580 610 622
3 609 586 600
3 612 584 597
3 598 607 589
3 616 601 602
3 603 587 611
3 603 597 587
3 597 603 612
3 606 593 591
3 614 594 613
3 614 598 594
3 590 599 604
3 606 591 595
3 618 593 606
3 615 596 601
3 623 611 609
3 627 612 603
3 605 622 621
3 620 614 613
3 625 610 607
3 606 595 608
3 617 600 604
3 617 609 600
3 616 615 601
3 627 603 611
3 614 625 598
3 605 604 599
3 608 624 606
3 619 617 604
3 602 627 616
3 627 602 612
3 605 621 619
3 625 622 610
3 619 604 605
3 609 617 623
3 630 624 615
3 620 613 618
3 631 625 614
3 626 615 616
3 626 616 627
3 631 614 620
3 632 625 631
3 615 626 630
3 628 620 618
3 635 629 621
3 632 622 625
3 617 619 629
3 617 629 623
3 638 633 623
3 627 633 626
3 618 624 628
3 620 628 631
3 629 638 623
3 628 624 630
3 637 626 633
3 634 630 637
3 626 637 630
3 634 628 630
3 636 632 631
3 635 638 629
3 638 636 634
3 636 635 632
3 638 637 633
3 637 638 634
3 636 638 635
