OFF
689 1355 0
-79.471001 -35.337200 26.776400 
-78.628403 -24.557800 21.054899 
-77.670403 -46.678398 20.374001 
-76.397400 -21.810600 27.967199 
-75.324501 -70.819397 192.651993 
-75.095596 -53.521900 27.980801 
-74.546204 -72.353302 177.964996 
-74.498100 -63.370399 182.306000 
-74.457802 -63.552200 189.188995 
-74.381699 -79.348900 192.604004 
-73.896698 -70.495598 169.923996 
-72.866600 -60.723202 170.834000 
-72.513702 -77.146797 172.302002 
-72.331100 -75.575600 163.813995 
-72.056702 -57.296001 180.395996 
-71.636299 -77.360603 187.977005 
-70.924103 -83.795601 193.927002 
-70.532097 -68.798599 186.451996 
-70.495499 -64.874603 192.955994 
-70.258904 -72.561401 195.354996 
-69.816498 -8.317930 25.947001 
-69.771500 -59.273701 187.535004 
-69.698303 -65.421097 179.100006 
-69.461403 -39.262299 36.571098 
-69.205704 -66.506897 157.028000 
-68.488998 -65.945503 168.520996 
-68.463303 -89.910202 188.929001 
-68.428902 -65.758904 21.956900 
-68.362198 -72.053497 155.927994 
-68.107903 -7.033660 21.936001 
-67.362297 -55.463501 171.044998 
-66.777603 -80.219704 155.753006 
-66.699997 -57.617802 181.445999 
-66.521202 -58.311699 162.621994 
-66.052002 -80.638397 181.158005 
-66.003899 -90.631104 181.389008 
-65.147903 -78.504700 145.451996 
-65.004303 -90.695900 154.753998 
-64.959999 -86.781502 142.479004 
-64.834503 -82.905602 148.147003 
-64.609100 -56.536098 36.695499 
-63.893799 -82.999702 176.531998 
-63.830700 -63.870098 154.201004 
-63.771702 -72.269501 220.343002 
-63.655399 -69.847298 193.154007 
-63.508598 -72.658096 240.011993 
-63.219299 -77.728104 194.759003 
-62.976101 -52.770699 210.007004 
-62.777302 -73.937302 196.580002 
-62.734200 -87.627403 192.205002 
-62.447399 -83.498703 183.847000 
-62.367699 -93.430298 185.994003 
-62.153999 -89.801498 163.382004 
-62.099201 -94.236702 145.080994 
-61.886501 -50.258701 236.600006 
-61.636101 -60.080002 164.574997 
-61.553101 -93.148201 139.802002 
-61.246300 -95.508598 179.623001 
-61.126900 -79.181396 169.447006 
-61.106098 -91.919296 199.177002 
-61.069599 -90.137901 171.429001 
-60.988998 -63.950500 187.884003 
-60.897202 -83.946503 174.998001 
-60.845001 -25.207399 45.264198 
-60.151199 -94.985397 148.959000 
-59.931198 -95.064697 157.151001 
-59.929501 -61.459499 177.761993 
-59.822601 -102.412003 244.248001 
-59.427101 -77.745300 143.873001 
-59.305199 -79.975899 161.569000 
-59.197601 -85.981499 139.658005 
-58.932499 -59.772999 181.360992 
-58.585499 -92.093597 257.231995 
-58.289101 -65.297699 254.203995 
-58.127602 -39.866901 50.107201 
-57.977501 -77.263603 28.389299 
-57.872501 -85.815697 164.214996 
-57.784100 -64.180496 168.024994 
-57.592400 -84.895798 158.223999 
-57.535099 -82.033600 166.785004 
-57.236900 2.516750 27.930099 
-56.858398 -129.587997 178.966003 
-56.639301 -99.534798 158.205002 
-56.344601 -32.255199 216.977997 
-56.109001 -56.720200 48.966301 
-55.965099 -43.445099 248.903000 
-55.948200 -61.062302 171.654999 
-55.762798 -12.584400 44.251099 
-55.356899 -128.585007 239.518005 
-55.291698 -127.581001 156.561005 
-55.115898 -36.866299 191.925995 
-55.096600 -99.695099 145.580994 
-55.056400 -71.295502 157.938995 
-54.580002 -134.070999 209.199005 
-53.795502 -94.377296 140.707993 
-53.125999 -66.831703 161.459000 
-52.747200 -121.017998 262.263000 
-52.435699 -73.595299 40.121201 
-52.356998 -76.547600 270.446014 
-52.068901 -27.791401 235.651993 
-51.839500 -117.747002 128.723999 
-51.834999 -49.706699 63.227901 
-51.763000 -84.564102 145.895004 
-51.156200 -25.031900 59.913601 
-50.853600 -146.014999 226.042007 
-50.801601 -36.831402 66.951797 
-50.491199 -65.809402 57.588001 
-50.385601 -75.489799 151.108002 
-50.385101 -49.455299 265.873993 
-50.104401 -147.460999 175.281006 
-50.093399 -148.253006 198.242004 
-49.085999 -142.136993 148.348999 
-49.067299 -45.799900 75.598999 
-48.713699 -42.572201 165.320007 
-48.409302 -60.454899 74.382599 
-48.209900 -22.174700 201.031006 
-47.937698 -112.406998 110.739998 
-47.910301 -147.917999 248.643005 
-47.536598 -56.884998 89.299004 
-47.465302 -103.107002 277.117004 
-47.248402 -78.703499 135.436005 
-47.180099 -51.043800 152.557007 
-46.988701 -0.795837 41.324799 
-46.586399 -27.246901 254.897003 
-46.238800 -64.360199 121.150002 
-46.182598 -70.775101 100.528999 
-45.726002 -75.286499 71.677597 
-45.702999 -137.695999 265.515015 
-45.066601 -16.047100 223.311996 
-44.803299 -156.856003 160.459000 
-44.129902 -41.101601 103.473999 
-43.938801 -83.396599 50.510799 
-43.875401 -154.535004 190.802994 
-43.640800 -137.358002 122.167000 
-43.606201 -45.690201 129.985992 
-43.485802 -89.442902 31.964800 
-43.430901 -62.219398 280.276001 
-43.364201 -85.298798 118.332001 
-42.820400 -31.559299 92.080597 
-42.539398 -161.082001 216.427002 
-42.244701 -84.762001 96.989700 
-42.213001 -20.135401 75.611298 
-41.410000 12.263900 29.129299 
-41.195702 -128.121002 96.513496 
-40.581699 14.798000 21.022900 
-40.112202 -90.936501 106.328003 
-39.949001 -165.287003 236.063995 
-39.901798 -169.675003 205.751007 
-39.890800 -8.629460 62.621399 
-39.853901 -13.711900 242.679001 
-39.784401 -48.338699 279.454987 
-39.728001 -135.492996 276.971008 
-39.435799 -117.876999 94.750504 
-39.257999 -95.778000 22.182600 
-39.099400 -162.725006 172.542007 
-39.087299 -34.993198 273.191986 
-38.829399 -32.066002 141.279007 
-38.776100 -101.964996 103.189003 
-38.350300 -90.756104 68.375298 
-37.604401 -157.529007 187.410995 
-37.268101 -29.352200 119.668999 
-37.063702 -82.769302 289.264008 
-36.403900 -143.865997 102.094002 
-36.223598 -8.089630 205.692993 
-35.765701 -156.904007 263.921997 
-35.744301 -21.702499 163.014008 
-35.623199 -163.001007 192.867996 
-35.174801 -19.108101 262.104004 
-34.471401 -18.976101 97.666100 
-34.332001 -111.123001 288.380005 
-34.011501 -171.955994 218.582001 
-33.688301 -96.215401 82.610603 
-33.542900 -161.507004 189.882996 
-32.969898 -5.956090 233.578003 
-32.709801 -98.192200 37.799099 
-32.419201 5.902710 47.405800 
-32.366001 -163.251007 183.487000 
-32.172298 -102.264999 90.442703 
-32.150398 -59.430199 290.363007 
-31.896999 -131.921997 85.718201 
-31.872700 -165.781998 186.279999 
-31.687000 -178.959000 207.442993 
-31.602301 -156.151993 120.397003 
-30.267200 -10.328100 85.502403 
-29.957399 -172.470001 159.235992 
-29.924200 -111.709999 88.437698 
-29.743299 -20.416901 139.798004 
-29.731001 -171.654007 198.488007 
-29.675600 -173.147003 194.393005 
-28.643000 -27.483400 277.130005 
-28.579700 -169.401001 192.789001 
-28.134300 -144.091995 82.589600 
-28.056101 -17.764099 118.804001 
-28.026600 -43.311401 287.303009 
-27.997299 -100.391998 67.585800 
-26.827499 -168.003006 180.917007 
-26.091400 -6.414610 250.529007 
-25.935699 -173.516998 248.796997 
-25.631100 -170.246002 188.580994 
-25.052700 -172.559006 185.832993 
-24.958900 -173.112000 194.567993 
-24.799601 -150.584000 279.636993 
-24.437201 -175.466003 200.205994 
-24.412500 20.850401 28.732800 
-24.353600 0.179749 67.764702 
-24.106001 -104.599998 76.490898 
-23.354300 -13.957000 157.455994 
-23.058300 -180.735992 222.158997 
-21.831800 -185.440002 209.535004 
-21.647400 -101.429001 297.678986 
-21.324100 -9.535740 101.612999 
-21.274799 -163.231003 99.188904 
-21.189699 -133.811996 290.756012 
-20.810400 -177.863998 196.970001 
-20.805901 -106.468002 22.147600 
-20.536699 -0.060669 198.686005 
-20.508801 1.053280 234.326996 
-19.622299 -10.579700 266.798004 
-19.254299 -169.972000 130.421997 
-19.104401 -162.115005 83.071404 
-18.838699 3.459500 218.190994 
-18.571301 -12.697300 128.009003 
-18.568600 -72.987701 299.936005 
-18.421499 -170.826996 179.358002 
-18.065599 -173.423004 188.229004 
-18.035200 -55.361401 297.475006 
-17.803200 -174.647995 187.098007 
-17.606300 -122.584999 77.815804 
-17.531799 -175.266006 196.966003 
-17.436701 -183.139008 204.945999 
-16.979200 -171.449005 262.821014 
-16.532600 -171.964005 117.917999 
-16.266800 -155.639999 75.604401 
-16.256300 -176.130005 201.263000 
-15.855500 -107.317001 55.306599 
-14.707900 -1.698490 83.418701 
-14.246200 24.790300 21.457399 
-14.145800 -177.404007 197.117004 
-13.725000 -38.029701 292.858002 
-12.871600 -7.953890 164.412994 
-11.896600 14.647200 48.132900 
-11.719000 -171.636002 179.731003 
-11.329500 -173.132996 105.374001 
-11.034200 -179.444000 250.328995 
-10.563500 -174.285004 200.748993 
-10.476100 1.730010 248.229996 
-10.455600 -176.501999 114.940002 
-10.059900 -172.914001 186.966003 
-9.421800 -184.098999 204.128006 
-9.129970 -184.145004 230.574005 
-8.826290 -175.218002 174.121994 
-8.732670 -180.425003 150.880997 
-8.512660 -182.041000 121.396004 
-8.456070 6.268100 66.908600 
-8.314040 -18.536600 281.233002 
-8.148610 -174.882996 194.942993 
-7.801800 -175.024994 118.324997 
-7.658890 -162.100998 277.404999 
-7.417270 -188.934998 208.669998 
-7.396410 -110.504997 22.146999 
-7.259630 -176.826004 85.853996 
-7.023470 -188.307007 217.363998 
-7.001110 2.213500 188.828003 
-6.577790 -115.623001 64.365997 
-6.417400 -8.671910 143.380005 
-6.050090 7.642240 207.927994 
-5.634520 -181.240997 165.505997 
-5.438960 -192.673004 147.811005 
-4.398160 -136.516998 73.074303 
-4.369610 -171.434998 197.746002 
-4.299670 -174.695999 75.194603 
-4.166490 -7.907380 129.451004 
-4.101810 -172.018997 192.173996 
-4.022160 -169.852997 191.561996 
-3.932080 -118.625999 300.451996 
-3.922130 -169.162003 195.003998 
-3.291960 -185.056000 202.285995 
-3.029220 25.570200 29.487400 
-2.916200 -184.587006 157.602997 
-2.874540 -186.324005 115.123001 
-2.780980 7.865780 231.432007 
-2.658490 -4.396670 103.533997 
-2.649810 -184.181000 147.078995 
-2.597670 -192.304993 144.824997 
-2.427170 -111.716003 42.181400 
-2.393720 -126.303001 69.507103 
-2.387850 -149.356995 288.862000 
-2.222370 -171.263000 184.289993 
-1.491130 -177.110001 199.322006 
-0.945099 -88.565804 304.842010 
-0.943192 -189.279999 121.999001 
-0.376434 -2.982450 265.977997 
-0.362000 -57.491798 303.304993 
-0.123245 -5.888030 159.690994 
-0.101044 -165.123001 70.907402 
0.220627 -185.367004 119.168999 
0.356506 -178.151993 180.682007 
1.001590 -172.324997 195.229004 
1.276380 -182.505997 102.295998 
1.536290 -186.419998 169.115997 
1.709410 -200.115005 149.266006 
1.902650 -174.505005 266.161987 
2.157580 -190.718002 113.378998 
2.305940 -35.810101 295.423004 
2.928540 9.546140 219.250000 
3.102710 -183.981003 82.727898 
3.428920 -173.623001 189.009003 
3.586290 -183.373993 195.804001 
3.741030 -188.643997 142.326004 
3.882870 -134.804001 296.562012 
4.267780 -176.065994 193.108002 
5.169330 15.010500 52.162800 
5.589660 -208.837006 159.425995 
5.665120 -183.354004 187.947006 
6.028470 -0.020416 176.182999 
6.099460 -210.406998 151.533997 
6.140660 -195.042999 132.149002 
6.207870 -188.108002 151.466995 
6.280900 -192.925003 117.907997 
6.299450 -188.255005 118.143997 
6.952260 -183.175995 249.367004 
6.998410 -203.054993 145.725998 
7.030010 -146.462006 71.848900 
7.043990 -112.096001 22.168900 
7.238390 -192.431000 110.469002 
7.407940 -200.242996 173.179001 
7.571580 -177.197998 72.417999 
7.637040 3.252780 80.224297 
8.206800 4.734680 250.354996 
8.744110 -186.826996 192.522003 
9.455660 -187.697006 198.436005 
9.553860 -186.408005 226.503006 
9.558140 -196.639999 123.632004 
10.122100 -197.820999 142.988998 
10.227200 -122.637001 61.733299 
10.656700 -185.701996 104.825996 
11.032200 -16.796900 282.721008 
11.493700 7.145020 196.966003 
11.695600 -131.190002 68.847702 
11.703800 -197.136002 181.197998 
11.704000 -6.969150 142.162994 
11.801100 -209.089996 146.257004 
12.729400 -112.325996 302.785004 
12.868500 -113.692001 31.523100 
13.002900 -190.863998 118.723999 
14.580300 -211.992996 153.886993 
14.624000 -207.003998 167.115005 
14.946900 -119.144997 48.353600 
15.241700 -193.556000 110.703003 
15.846600 -196.501007 121.873001 
16.104099 -2.124110 98.819801 
16.291700 8.418880 231.917999 
16.299101 -204.992004 145.298004 
16.341101 -163.334000 279.681000 
16.344000 -198.074005 143.897003 
16.509001 -184.903000 81.622597 
16.717400 -188.072998 192.826004 
18.019600 -5.924350 159.225998 
18.068399 9.290590 215.705994 
18.357500 -190.337006 187.987000 
18.480499 -167.639999 70.011902 
18.740801 -75.029198 306.082001 
18.776300 -189.473999 146.639999 
18.935400 -5.893430 116.969002 
18.941401 -190.074997 150.785004 
19.068100 -195.173004 134.481003 
19.490801 -143.705994 292.722992 
19.860701 -191.294998 210.563995 
20.017300 -206.643005 161.085999 
20.079300 -197.227997 172.072006 
20.559601 -208.619003 150.332993 
21.220699 -142.362000 71.702499 
21.433500 -187.798996 199.619003 
21.474701 27.662901 23.862600 
22.221001 -183.507004 194.128006 
22.336599 8.294800 63.294399 
22.664499 -127.551003 68.338898 
22.716700 -188.591995 119.940002 
22.902300 -6.162480 270.612000 
23.070601 -184.386002 103.792000 
23.080999 -176.500000 72.901703 
23.255899 -186.052002 174.613007 
23.485701 -51.686600 302.350006 
23.488001 -119.825996 59.551601 
23.511801 -114.315002 40.217800 
23.634701 -128.664993 298.144989 
23.699100 -189.595001 136.531998 
24.111500 -179.274002 187.056000 
24.136200 -33.207199 294.372009 
24.245001 -193.009995 115.412003 
24.341000 0.725281 82.948799 
24.612499 -199.449005 148.007996 
24.791500 -177.787003 195.951004 
25.059299 -187.391006 144.209000 
25.107000 -111.116997 23.893000 
25.500601 -178.046997 260.559998 
25.505699 -190.819000 109.779999 
25.511499 18.195200 41.852100 
25.679001 -173.712006 191.539001 
25.696600 -199.981995 153.923996 
25.818001 -3.241000 172.222000 
26.479000 -193.266998 123.504997 
26.779100 -184.097000 199.912994 
27.527300 -173.619995 196.774994 
27.949499 -185.434006 119.896004 
28.127800 -190.703003 144.005997 
28.478500 -183.936005 163.604996 
28.781401 -185.119003 146.406006 
28.932400 -179.815002 79.981201 
29.552700 -184.944000 154.065994 
29.644199 -10.749900 138.009995 
29.932100 -188.296005 114.669998 
30.131100 -173.026001 185.628998 
30.135401 -70.589104 304.091003 
30.218599 -188.854004 206.203003 
30.548599 -173.046997 189.835999 
31.004299 3.671420 196.888000 
31.296600 -173.251007 193.404007 
31.448400 3.031680 244.104996 
31.531700 -155.074005 72.352097 
31.870199 -20.591400 284.079987 
31.900900 -191.806000 147.854996 
32.945499 -168.623993 73.760696 
32.946301 -176.807007 99.410103 
33.303200 -171.171005 192.250000 
33.320400 -186.074005 204.348007 
33.434200 -2.828160 260.174988 
33.502399 5.569610 224.156006 
33.515900 -185.404999 229.617996 
33.600800 -120.213997 69.606400 
33.714100 -153.578003 284.585999 
33.833099 -174.097000 198.951996 
34.153301 -112.545998 61.394299 
34.162998 -6.845730 97.818001 
34.438202 -10.428100 157.061005 
34.440899 -108.157997 39.492901 
34.711102 0.575958 71.023598 
34.984798 -99.728104 301.670013 
35.130299 -167.369995 271.104004 
36.054600 -41.428600 296.355011 
37.166302 -172.992996 182.240005 
37.167999 -175.397995 119.430000 
37.430401 -131.348999 75.101097 
37.451401 -179.544998 158.451996 
38.085999 -176.869995 112.454002 
38.267101 -12.398800 113.556000 
38.435501 -107.039001 22.163099 
38.936199 -179.578003 197.643997 
39.140800 -175.518997 195.207001 
39.494499 -178.761993 197.873993 
39.607498 -5.957310 82.664703 
39.807201 -131.893005 292.820007 
40.488300 -174.679993 136.757996 
40.549301 -176.707993 120.273003 
41.498199 -166.013000 82.995102 
41.729401 10.174300 45.374901 
42.471600 -189.186996 210.074005 
42.616402 -180.246994 240.884003 
43.046902 -186.417007 205.852005 
43.151100 -58.241299 299.615997 
43.291302 -101.751999 50.859100 
43.390800 -115.773003 77.728699 
43.922001 -175.544998 189.858994 
44.060101 -169.910995 116.678001 
44.156601 -108.473999 296.496002 
44.432800 -18.552500 140.076004 
44.488400 0.881104 232.022995 
44.543800 -13.945400 271.493988 
44.563999 -176.440002 187.636993 
44.748798 -180.059998 201.891998 
44.770302 -173.294998 256.904999 
44.962200 21.347601 27.655399 
46.485401 -177.244995 195.675995 
46.624901 -101.417000 34.243999 
46.911701 -172.322006 179.636993 
47.020302 -102.000999 75.564903 
47.198101 -163.380005 95.255203 
47.426300 -13.813000 168.324997 
47.502701 -2.813140 59.077999 
47.990799 -181.214996 197.179993 
48.189701 -77.580200 298.063995 
48.437901 -143.139008 79.940697 
48.866501 -19.539600 98.439697 
49.014301 -2.879180 205.845001 
49.205601 -175.729996 158.095001 
49.345901 19.485300 20.226400 
49.483700 -183.544998 205.927994 
50.398499 -160.334000 270.173004 
50.823502 -164.839996 127.598000 
51.207199 -174.313995 184.304993 
51.563400 -174.619995 189.492004 
51.982800 -5.573850 248.078003 
52.797001 -92.690598 62.096901 
53.176701 -150.026993 87.316704 
53.390800 -174.587006 193.927002 
53.655102 -179.427002 220.169006 
53.951401 -178.106003 201.276993 
54.012798 -99.389999 22.348000 
54.518200 -20.273600 76.454201 
54.596199 -35.978901 284.373993 
54.878399 -170.134995 179.632004 
54.931599 -178.100006 195.259003 
55.016998 -120.987000 86.671799 
55.138199 -29.559000 115.086998 
56.530102 -171.186996 186.335007 
56.671101 -181.477997 208.921997 
56.862400 -89.444901 45.077301 
57.069199 -96.767799 93.000298 
57.347900 -31.866600 140.444000 
57.684601 -175.268997 198.574997 
57.964401 -60.202702 290.774994 
57.967602 -15.849300 61.877201 
58.886101 -34.054501 88.985901 
59.001801 -172.139008 239.938995 
59.064400 -158.317993 131.011993 
59.089699 -110.778999 94.257599 
59.455601 -141.867004 276.118988 
59.568298 -171.102997 193.806000 
59.771702 -8.829560 227.703995 
59.797001 -166.574997 190.988998 
59.862499 -117.155998 285.959991 
59.889400 -21.816200 265.338013 
59.940701 -149.875000 109.726997 
60.753799 -28.927900 162.921005 
61.172600 -86.169899 91.980103 
61.450600 -162.598999 253.619995 
61.673599 -16.281200 191.839005 
61.972900 -165.393005 148.600006 
62.083500 -81.092903 57.236401 
62.100101 -164.850006 183.561996 
62.361500 -33.811100 71.627403 
62.700401 -88.400803 105.263000 
62.788700 -45.757301 281.908997 
63.051300 -174.423004 203.649002 
63.135700 -79.575600 74.577003 
63.404701 -2.593410 40.759701 
63.748600 -171.270996 213.371002 
63.768902 -90.397797 29.621901 
63.984299 -166.998001 164.794006 
64.073898 -131.362000 94.039902 
64.166901 -44.722000 133.955002 
64.367302 -50.544498 86.400497 
64.887100 -48.871700 116.633003 
65.212097 -138.033997 105.746002 
65.270897 -95.117401 113.271004 
65.678001 -81.552597 41.101799 
65.708504 -148.516998 262.964996 
65.799599 -146.074005 128.302002 
65.808899 -79.293999 285.609009 
66.228699 -65.574303 77.198502 
66.367500 -73.404099 95.006500 
66.479599 -44.193802 152.727997 
66.651199 -53.574402 71.946503 
66.666496 -160.654999 190.535995 
66.728996 -16.588100 238.638000 
66.829002 -116.456001 99.968697 
66.961998 -81.386299 125.707001 
67.505501 -68.518700 62.146702 
67.585098 -64.459000 111.169998 
67.592102 -89.586700 133.298004 
67.723602 10.294600 25.715500 
67.998802 -22.748600 52.707298 
68.236702 -164.919998 226.343994 
68.702003 -23.298000 252.423004 
69.024300 -39.512699 59.814602 
69.120697 -83.434502 139.261002 
69.770203 -18.615900 214.050003 
69.862999 -94.611603 279.313995 
70.060699 -53.389801 60.075298 
70.117897 -123.482002 105.776001 
70.288300 -35.761398 266.304993 
70.329102 -60.191200 142.871002 
70.720100 -65.268600 280.257996 
71.712196 -156.830994 160.927994 
71.892097 -157.880997 181.067993 
71.897301 -89.130402 140.653000 
72.365402 -57.245201 154.796997 
72.503998 -109.753998 115.280998 
72.584602 -154.481995 240.753998 
72.661301 -156.460999 197.475006 
72.752998 -28.639500 194.582993 
73.114403 -121.110001 269.362000 
73.321297 -70.101501 149.893005 
73.586098 -66.912300 44.655300 
75.046303 -98.331100 141.285004 
75.639999 -78.456703 147.772003 
75.761398 -133.727005 145.212006 
75.867401 -50.025398 268.367004 
76.000000 -135.300995 250.223999 
76.169296 -79.990097 21.533100 
76.304802 -150.682007 211.382996 
76.360802 -82.306602 163.557007 
76.563698 -119.204002 137.738998 
76.690903 -45.828400 178.042007 
76.775902 -28.422100 236.600998 
76.876297 -86.274696 141.455002 
77.828201 -92.605003 138.134003 
77.895401 -87.489304 155.179993 
77.921501 -87.983299 269.407990 
78.069298 -98.569298 148.953003 
78.487297 -51.030300 43.995800 
78.500099 -64.089401 164.766006 
78.684998 -81.070801 157.139008 
79.167603 -112.958000 255.033997 
79.348297 -73.683098 152.826996 
79.408096 -33.825199 43.199501 
79.595703 -40.718102 251.227997 
79.717400 -32.891899 214.518005 
79.777397 -146.787003 188.285004 
80.095901 -81.682899 167.908005 
80.236099 -17.698500 37.200401 
80.421097 -65.760300 164.261002 
80.516403 -132.746994 229.945007 
80.646797 -63.743900 263.838013 
80.712502 -87.558998 153.862000 
81.038399 -86.250000 168.031998 
81.608498 -139.003998 171.339005 
82.078003 -84.014503 175.544998 
82.262497 -75.536301 167.835999 
82.263702 -94.654800 155.039993 
82.763000 -61.711899 176.531998 
82.858200 -85.080498 180.925003 
82.868896 -47.826199 193.718002 
83.254898 -92.520103 150.490005 
83.553398 -54.154999 249.723999 
83.646004 -77.151604 160.604004 
83.886497 -97.176201 173.203995 
84.045403 -86.122101 250.847000 
84.048103 -70.921997 26.955999 
84.192902 -43.145199 230.785004 
84.288498 -91.440300 138.891006 
84.395798 -4.258730 26.861900 
84.416100 -83.960297 138.459000 
84.433098 -125.552002 169.891006 
84.764801 -3.695560 18.344101 
84.772202 -75.582298 143.276993 
84.850304 -62.900299 184.283997 
84.935799 -96.026199 182.201004 
84.950302 -130.417999 184.802002 
85.219498 -81.241699 182.908997 
85.396103 -91.822601 168.979004 
85.441002 -100.963997 198.621002 
85.527100 -113.730003 180.582001 
85.774597 -86.812103 162.774002 
86.008698 -89.430298 160.475998 
86.375099 -88.478600 191.475998 
86.591202 -68.180496 190.337006 
86.939796 -66.132004 150.867996 
86.990196 -89.332397 174.192993 
87.088799 -53.937000 215.169006 
87.229401 -78.323700 194.113007 
87.619202 -89.172798 152.878006 
87.620102 -83.658997 142.929993 
87.920700 -63.737900 235.876999 
89.190300 -59.463200 160.078995 
89.306602 -80.851799 154.292007 
89.549797 -89.902199 178.632004 
89.636200 -75.421997 145.981995 
89.894402 -42.583801 33.874298 
90.586899 -91.827400 185.233994 
91.203102 -77.152603 173.636993 
91.952599 -76.042900 156.529999 
92.133003 -81.625198 194.574997 
92.233398 -87.042702 186.281998 
92.664299 -65.314697 155.264008 
92.853203 -68.970596 157.824997 
93.203796 -76.654999 185.591995 
93.830803 -56.739899 173.156006 
94.539299 -56.645302 22.695801 
94.721001 -72.949799 159.584000 
94.853699 -70.098503 184.369003 
95.056503 -57.887501 180.927994 
95.109100 -62.826698 188.673996 
95.121902 -85.229401 192.397995 
95.136101 -65.141403 176.781006 
95.576698 -16.400900 26.173901 
95.819298 -60.375000 165.039993 
96.182404 -72.959099 166.419006 
96.238503 -76.642097 194.222000 
96.492599 -79.356903 188.925995 
96.559700 -69.612900 192.490005 
96.794800 -67.880997 166.432999 
97.571198 -21.866899 22.274599 
97.684303 -70.910004 174.324997 
98.566704 -61.046001 178.175003 
98.593697 -74.210899 189.990997 
98.897003 -63.777199 184.987000 
99.306900 -37.305302 21.645800 
99.804497 -37.657398 30.576099 
3 0 2 5
3 0 5 23
3 2 0 1
3 3 0 63
3 3 1 0
3 3 20 1
3 3 63 87
3 3 87 20
3 4 7 9
3 5 2 27
3 7 8 14
3 7 11 22
3 7 14 11
3 7 22 17
3 8 4 18
3 8 7 4
3 8 21 14
3 9 7 17
3 9 15 34
3 9 17 15
3 9 19 4
3 9 34 50
3 10 13 6
3 12 6 13
3 12 13 58
3 12 15 6
3 12 58 41
3 13 10 28
3 13 28 31
3 14 21 32
3 15 12 34
3 15 17 6
3 16 26 49
3 16 49 46
3 18 21 8
3 19 9 16
3 19 18 4
3 19 44 18
3 21 18 61
3 22 6 17
3 22 10 6
3 22 11 25
3 22 25 10
3 23 63 0
3 24 11 33
3 24 36 28
3 25 11 24
3 25 24 28
3 25 28 10
3 26 9 35
3 26 16 9
3 26 35 51
3 27 75 5
3 27 153 75
3 28 36 37
3 29 1 20
3 29 80 144
3 30 11 14
3 30 33 11
3 31 28 37
3 31 69 13
3 32 30 14
3 33 30 55
3 33 42 24
3 33 55 42
3 35 50 62
3 35 60 57
3 36 24 42
3 37 78 31
3 38 39 36
3 38 53 39
3 38 56 53
3 38 70 56
3 39 37 36
3 39 64 37
3 40 5 75
3 40 23 5
3 40 97 84
3 41 34 12
3 41 58 62
3 41 62 34
3 42 68 36
3 43 45 47
3 43 48 59
3 43 93 67
3 44 19 46
3 44 48 61
3 45 43 67
3 46 19 16
3 47 48 43
3 47 61 48
3 47 83 90
3 48 44 46
3 48 46 59
3 49 59 46
3 50 34 62
3 50 35 9
3 51 49 26
3 51 59 49
3 52 65 82
3 52 76 65
3 52 82 57
3 54 47 45
3 55 66 77
3 55 92 42
3 56 70 94
3 56 91 53
3 57 51 35
3 57 60 52
3 57 81 59
3 58 13 69
3 58 69 79
3 59 51 57
3 60 35 79
3 61 18 44
3 61 32 21
3 61 66 32
3 62 58 79
3 62 79 35
3 64 39 53
3 64 91 82
3 65 37 64
3 65 64 82
3 65 78 37
3 66 30 32
3 66 55 30
3 67 72 45
3 68 70 36
3 68 102 70
3 69 31 78
3 69 78 79
3 70 38 36
3 71 61 47
3 71 66 61
3 71 86 66
3 71 90 113
3 71 113 86
3 72 67 96
3 72 73 45
3 72 96 119
3 73 54 45
3 73 72 98
3 73 108 85
3 74 23 40
3 74 40 84
3 74 63 23
3 74 103 63
3 75 153 135
3 76 52 60
3 76 60 79
3 76 79 78
3 77 92 55
3 78 65 76
3 80 20 87
3 80 29 20
3 80 142 144
3 81 43 59
3 81 57 82
3 81 82 89
3 81 93 43
3 83 47 54
3 83 54 99
3 83 115 90
3 85 54 73
3 86 77 66
3 86 95 77
3 86 113 95
3 87 63 148
3 87 122 80
3 87 148 122
3 88 67 93
3 88 96 67
3 88 117 96
3 89 91 100
3 89 111 109
3 90 71 47
3 90 165 113
3 91 64 53
3 91 89 82
3 92 77 107
3 92 102 42
3 94 70 102
3 94 91 56
3 94 102 120
3 94 116 100
3 94 137 116
3 95 107 77
3 95 121 107
3 96 127 151
3 97 40 75
3 97 75 135
3 97 106 84
3 97 131 106
3 98 72 119
3 98 119 161
3 99 54 85
3 99 85 123
3 100 91 94
3 100 111 89
3 100 133 111
3 101 74 84
3 101 84 106
3 101 106 114
3 101 112 105
3 101 114 112
3 102 68 42
3 102 92 107
3 103 74 105
3 103 105 141
3 103 148 63
3 104 88 93
3 104 139 146
3 104 146 117
3 105 74 101
3 106 131 126
3 108 73 98
3 108 98 136
3 108 123 85
3 108 136 150
3 109 81 89
3 109 110 81
3 109 111 129
3 109 129 132
3 110 93 81
3 110 104 93
3 110 109 132
3 110 139 104
3 110 147 139
3 111 133 129
3 112 114 118
3 112 130 138
3 113 121 95
3 113 156 121
3 114 106 126
3 115 165 90
3 116 137 157
3 116 143 100
3 116 152 143
3 117 88 104
3 117 164 127
3 118 114 125
3 119 96 151
3 119 151 169
3 120 102 107
3 120 137 94
3 121 120 107
3 121 124 120
3 121 134 124
3 122 142 80
3 122 148 175
3 122 175 142
3 123 108 155
3 124 125 137
3 124 134 118
3 124 137 120
3 125 124 118
3 125 126 140
3 126 125 114
3 127 96 117
3 128 83 99
3 128 99 149
3 128 115 83
3 129 133 182
3 129 182 184
3 129 184 154
3 130 112 118
3 130 118 134
3 130 134 160
3 131 97 135
3 131 158 126
3 133 100 143
3 134 121 160
3 135 153 174
3 137 125 145
3 138 105 112
3 138 141 105
3 139 170 146
3 140 145 125
3 140 158 171
3 140 171 177
3 140 177 145
3 141 148 103
3 141 168 183
3 142 203 144
3 143 179 191
3 143 191 162
3 145 157 137
3 147 110 132
3 147 132 181
3 147 170 139
3 147 181 170
3 148 141 183
3 148 204 175
3 149 99 123
3 149 123 167
3 150 178 193
3 150 193 155
3 152 116 157
3 152 185 179
3 153 214 174
3 154 132 129
3 154 195 176
3 155 108 150
3 156 160 121
3 156 165 186
3 156 186 160
3 157 145 177
3 157 185 152
3 158 131 174
3 158 140 126
3 158 174 194
3 159 132 154
3 159 172 132
3 160 138 130
3 160 168 138
3 160 186 192
3 160 192 168
3 161 136 98
3 161 169 209
3 161 178 136
3 162 133 143
3 162 182 133
3 162 219 182
3 163 115 128
3 163 165 115
3 163 206 165
3 164 117 146
3 164 146 197
3 164 151 127
3 164 197 230
3 164 230 201
3 165 156 113
3 166 132 172
3 166 181 132
3 166 188 187
3 167 123 155
3 167 155 189
3 168 141 138
3 169 161 119
3 170 207 146
3 171 158 194
3 172 176 180
3 172 180 198
3 173 128 149
3 173 149 196
3 173 163 128
3 174 131 135
3 174 214 194
3 175 203 142
3 176 159 154
3 176 172 159
3 176 195 180
3 177 171 205
3 178 150 136
3 179 143 152
3 179 227 191
3 181 202 208
3 181 208 207
3 183 204 148
3 184 182 218
3 184 195 154
3 184 251 266
3 185 157 177
3 185 177 205
3 185 205 227
3 186 165 206
3 187 181 166
3 187 188 202
3 187 202 181
3 188 166 172
3 188 190 200
3 189 155 193
3 189 217 167
3 190 188 172
3 192 186 221
3 192 221 210
3 193 178 225
3 193 238 189
3 194 234 205
3 195 199 180
3 196 149 167
3 196 167 217
3 197 146 207
3 197 243 230
3 198 180 199
3 198 190 172
3 198 200 190
3 199 223 226
3 199 226 198
3 200 198 224
3 200 224 228
3 200 237 188
3 201 151 164
3 202 213 233
3 203 236 144
3 204 183 235
3 204 240 175
3 205 171 194
3 206 215 239
3 206 221 186
3 207 170 181
3 207 208 249
3 207 249 243
3 208 258 261
3 209 169 212
3 209 222 161
3 210 168 192
3 210 183 168
3 210 221 281
3 210 235 183
3 211 182 219
3 211 219 260
3 211 231 182
3 212 151 201
3 212 169 151
3 212 286 309
3 213 188 237
3 213 202 188
3 214 259 284
3 214 284 234
3 215 163 220
3 215 206 163
3 216 173 196
3 216 196 245
3 216 280 220
3 218 182 231
3 218 231 252
3 218 252 316
3 218 316 308
3 219 162 191
3 219 232 270
3 220 163 173
3 220 173 216
3 220 280 265
3 221 206 271
3 222 178 161
3 223 195 250
3 223 199 195
3 224 198 226
3 224 226 247
3 225 178 222
3 225 238 193
3 225 292 238
3 226 223 241
3 227 179 185
3 227 263 285
3 227 268 232
3 228 224 273
3 228 237 200
3 229 208 202
3 229 248 258
3 229 258 208
3 230 243 301
3 230 257 201
3 231 211 246
3 231 256 252
3 232 191 227
3 232 219 191
3 233 229 202
3 233 237 244
3 233 244 248
3 234 194 214
3 235 253 204
3 237 228 255
3 237 233 213
3 238 303 254
3 240 203 175
3 240 253 277
3 240 277 203
3 241 247 226
3 242 246 211
3 243 197 207
3 244 255 269
3 245 196 217
3 245 217 291
3 245 328 280
3 246 242 279
3 246 256 231
3 246 279 256
3 247 241 287
3 247 273 224
3 247 287 275
3 248 229 233
3 248 244 288
3 248 288 276
3 249 320 243
3 250 195 184
3 250 241 223
3 250 266 296
3 250 287 241
3 251 184 218
3 251 218 282
3 251 282 278
3 252 256 295
3 252 295 290
3 253 235 327
3 253 240 204
3 253 327 311
3 254 189 238
3 254 217 189
3 254 303 336
3 255 244 237
3 257 230 301
3 258 248 330
3 258 330 367
3 260 242 211
3 260 298 242
3 260 305 298
3 261 249 208
3 261 331 249
3 261 367 331
3 262 239 215
3 262 314 239
3 262 337 314
3 263 205 234
3 263 227 205
3 264 206 239
3 264 239 293
3 264 271 206
3 264 340 271
3 265 215 220
3 265 262 215
3 265 337 262
3 266 250 184
3 266 251 278
3 267 300 315
3 268 227 285
3 268 322 294
3 268 338 322
3 269 288 244
3 270 260 219
3 270 294 326
3 270 305 260
3 271 281 221
3 272 269 255
3 272 275 287
3 272 287 297
3 273 247 272
3 273 255 228
3 273 272 255
3 274 209 212
3 274 212 309
3 274 289 209
3 274 309 342
3 275 272 247
3 276 288 307
3 276 330 248
3 277 236 203
3 277 311 373
3 277 373 236
3 278 282 267
3 278 325 299
3 279 242 302
3 280 216 245
3 280 328 351
3 281 235 210
3 281 271 350
3 281 327 235
3 282 308 283
3 283 267 282
3 283 300 267
3 283 317 300
3 284 259 343
3 284 263 234
3 284 334 263
3 284 343 347
3 284 347 334
3 285 334 338
3 285 338 268
3 286 201 257
3 286 212 201
3 286 257 353
3 286 353 366
3 287 250 296
3 288 269 297
3 288 297 310
3 289 222 209
3 289 274 342
3 289 342 361
3 290 295 319
3 290 316 252
3 290 319 332
3 291 217 254
3 291 254 336
3 291 328 245
3 291 336 378
3 292 222 289
3 292 225 222
3 292 289 361
3 292 361 382
3 293 340 264
3 293 357 340
3 294 232 268
3 294 270 232
3 294 360 326
3 295 256 279
3 295 279 318
3 296 266 299
3 296 313 306
3 297 269 272
3 297 306 310
3 298 302 242
3 299 266 278
3 301 320 395
3 301 353 257
3 302 298 324
3 303 238 292
3 303 388 336
3 304 265 280
3 304 280 351
3 304 351 358
3 305 270 326
3 305 326 355
3 305 335 298
3 306 287 296
3 306 297 287
3 307 313 329
3 307 329 330
3 307 330 276
3 308 282 218
3 308 316 317
3 309 286 366
3 309 366 385
3 310 306 313
3 310 307 288
3 310 313 307
3 311 277 253
3 311 375 397
3 311 397 373
3 312 267 315
3 312 315 345
3 313 296 299
3 313 299 325
3 314 293 239
3 314 337 400
3 315 341 345
3 317 283 308
3 317 321 300
3 317 333 321
3 318 279 302
3 318 319 295
3 318 324 348
3 318 344 319
3 320 249 331
3 320 301 243
3 320 428 395
3 321 315 300
3 321 352 341
3 322 371 360
3 323 343 259
3 324 298 348
3 324 318 302
3 325 267 312
3 325 278 267
3 325 312 339
3 327 281 350
3 327 375 311
3 329 313 325
3 329 325 339
3 329 339 356
3 330 329 356
3 330 356 372
3 331 367 428
3 331 428 320
3 332 316 290
3 332 319 349
3 332 349 316
3 333 316 365
3 333 317 316
3 333 352 321
3 333 354 352
3 333 365 354
3 334 285 263
3 335 305 355
3 335 348 298
3 337 265 304
3 337 358 416
3 337 416 400
3 338 334 376
3 338 371 322
3 339 346 359
3 340 410 363
3 341 315 321
3 341 370 345
3 342 309 385
3 344 348 389
3 344 349 319
3 345 346 312
3 346 339 312
3 346 345 368
3 347 384 383
3 348 344 318
3 348 379 396
3 349 344 377
3 349 401 365
3 350 363 433
3 350 390 327
3 350 433 390
3 351 328 418
3 352 364 391
3 352 370 341
3 353 301 395
3 354 365 386
3 357 293 314
3 357 314 400
3 357 410 340
3 357 434 410
3 358 337 304
3 358 427 416
3 359 346 369
3 359 356 339
3 360 294 322
3 360 371 419
3 360 422 380
3 362 364 354
3 362 393 364
3 363 271 340
3 363 350 271
3 364 352 354
3 364 405 391
3 365 316 349
3 366 353 430
3 366 430 451
3 367 261 258
3 367 330 372
3 367 414 456
3 368 345 370
3 369 346 368
3 369 368 399
3 369 399 421
3 370 399 368
3 372 356 402
3 372 402 425
3 372 414 367
3 374 356 359
3 374 359 387
3 374 402 356
3 375 327 390
3 375 455 397
3 376 371 338
3 377 389 404
3 377 404 401
3 378 328 291
3 378 336 420
3 378 420 467
3 378 426 328
3 378 467 426
3 379 335 355
3 379 348 335
3 379 355 408
3 380 326 360
3 380 355 326
3 380 408 355
3 381 359 369
3 381 369 406
3 381 406 387
3 382 303 292
3 382 361 413
3 382 388 303
3 382 413 459
3 383 334 347
3 383 376 334
3 383 432 376
3 383 435 432
3 384 343 394
3 384 347 343
3 385 366 451
3 385 437 342
3 385 451 437
3 386 362 354
3 386 365 452
3 386 393 362
3 386 452 393
3 387 359 381
3 387 398 374
3 387 406 412
3 388 382 439
3 389 348 396
3 389 377 344
3 390 436 375
3 391 370 352
3 391 421 399
3 392 374 398
3 392 402 374
3 396 379 423
3 396 423 411
3 397 455 471
3 397 471 373
3 398 415 403
3 399 370 391
3 400 416 477
3 400 477 434
3 401 349 377
3 401 452 365
3 403 392 398
3 403 402 392
3 403 425 402
3 403 431 425
3 405 364 393
3 405 421 391
3 406 369 421
3 406 421 409
3 407 393 452
3 407 405 393
3 407 421 405
3 408 380 422
3 408 454 476
3 408 476 423
3 409 407 443
3 409 421 407
3 411 389 396
3 411 404 389
3 412 398 387
3 412 406 440
3 412 415 398
3 412 440 415
3 413 437 480
3 413 480 459
3 415 440 468
3 416 483 477
3 417 403 415
3 418 328 426
3 418 426 491
3 418 427 351
3 419 442 481
3 420 336 388
3 420 439 499
3 422 360 419
3 422 419 481
3 423 379 408
3 424 415 462
3 424 417 415
3 425 414 372
3 425 458 414
3 426 467 491
3 427 358 351
3 427 418 466
3 427 466 483
3 428 367 456
3 428 456 495
3 428 457 395
3 428 495 457
3 429 376 432
3 429 442 376
3 430 353 438
3 430 438 487
3 430 487 516
3 431 403 417
3 432 435 460
3 433 450 390
3 433 482 450
3 434 357 400
3 434 465 410
3 435 383 384
3 435 384 394
3 435 394 446
3 436 390 450
3 436 455 375
3 437 361 342
3 437 413 361
3 437 464 480
3 438 353 395
3 438 395 470
3 438 470 487
3 439 382 459
3 439 420 388
3 440 443 474
3 441 404 411
3 441 411 444
3 442 371 376
3 442 419 371
3 442 429 461
3 442 461 502
3 443 406 409
3 443 407 452
3 443 440 406
3 444 411 423
3 444 423 463
3 445 363 410
3 445 433 363
3 446 497 435
3 447 431 449
3 447 449 448
3 447 469 431
3 448 424 462
3 448 472 447
3 449 417 424
3 449 424 448
3 449 431 417
3 450 482 498
3 451 430 516
3 451 520 464
3 452 401 488
3 452 527 484
3 453 401 404
3 453 404 441
3 453 441 463
3 453 488 401
3 454 408 422
3 454 493 476
3 455 478 535
3 455 560 471
3 456 414 458
3 456 486 505
3 457 470 395
3 460 435 473
3 460 473 506
3 460 492 432
3 463 423 476
3 463 441 444
3 463 522 514
3 464 437 451
3 465 434 477
3 465 445 410
3 465 477 508
3 465 508 503
3 466 418 491
3 466 491 518
3 467 499 521
3 467 521 491
3 468 462 415
3 468 490 462
3 469 425 431
3 469 458 425
3 472 448 462
3 472 462 490
3 473 435 497
3 474 443 484
3 474 468 440
3 475 429 432
3 475 432 492
3 475 461 429
3 475 492 524
3 478 436 450
3 478 450 511
3 478 455 436
3 478 511 535
3 479 447 472
3 479 469 447
3 479 496 469
3 481 502 539
3 481 539 493
3 482 433 445
3 482 503 512
3 482 512 498
3 483 416 427
3 483 518 566
3 483 526 477
3 483 566 526
3 484 443 452
3 484 538 500
3 485 373 471
3 485 471 560
3 486 456 458
3 486 458 469
3 487 470 525
3 488 453 463
3 488 463 514
3 488 514 527
3 489 468 474
3 489 474 500
3 489 490 468
3 490 504 519
3 491 521 563
3 492 460 506
3 493 422 481
3 493 454 422
3 494 472 490
3 495 505 536
3 495 536 513
3 496 486 469
3 498 511 450
3 498 530 511
3 499 439 459
3 499 459 510
3 499 467 420
3 499 510 532
3 499 570 521
3 500 474 484
3 500 529 504
3 501 472 494
3 501 479 472
3 501 496 479
3 501 509 496
3 501 517 509
3 502 461 515
3 502 481 442
3 503 445 465
3 503 482 445
3 503 540 542
3 503 542 512
3 504 489 500
3 504 490 489
3 504 529 519
3 505 486 496
3 505 495 456
3 506 473 537
3 506 545 528
3 507 461 475
3 507 475 524
3 507 515 461
3 508 551 540
3 510 459 480
3 510 480 548
3 511 530 535
3 512 541 530
3 513 457 495
3 513 470 457
3 518 483 466
3 519 494 490
3 519 501 494
3 519 517 501
3 520 451 516
3 520 480 464
3 520 516 581
3 522 463 476
3 522 476 493
3 522 543 514
3 523 508 477
3 523 551 508
3 523 593 551
3 524 550 507
3 525 470 513
3 526 523 477
3 526 580 523
3 527 452 488
3 527 514 547
3 527 573 538
3 528 492 506
3 528 557 534
3 529 500 538
3 529 553 519
3 530 498 512
3 530 541 552
3 530 552 564
3 531 507 550
3 531 556 544
3 533 496 509
3 533 505 496
3 533 509 517
3 533 536 505
3 533 553 579
3 533 590 536
3 534 492 528
3 534 524 492
3 534 549 550
3 535 561 610
3 535 631 455
3 537 473 497
3 538 484 527
3 540 503 508
3 540 571 542
3 541 512 542
3 541 550 549
3 541 558 550
3 542 558 541
3 542 571 558
3 543 493 539
3 543 522 493
3 543 586 547
3 544 507 531
3 544 515 507
3 544 555 515
3 544 556 559
3 545 506 537
3 545 583 528
3 545 628 583
3 546 487 525
3 546 516 487
3 546 578 588
3 546 581 516
3 547 514 543
3 548 480 520
3 548 567 598
3 549 552 541
3 550 524 534
3 550 558 556
3 551 571 540
3 552 549 557
3 553 517 519
3 553 529 574
3 553 533 517
3 554 491 563
3 554 518 491
3 554 566 518
3 554 594 566
3 555 502 515
3 555 539 502
3 556 531 550
3 556 571 559
3 557 528 583
3 557 549 534
3 557 583 552
3 559 584 544
3 560 455 631
3 561 530 564
3 561 535 530
3 561 564 605
3 561 605 610
3 562 513 536
3 562 578 513
3 564 568 600
3 565 559 571
3 565 575 559
3 565 582 585
3 566 607 580
3 567 520 581
3 567 548 520
3 568 552 583
3 568 564 552
3 569 539 555
3 569 543 539
3 569 555 577
3 569 586 543
3 570 499 532
3 570 532 587
3 570 563 521
3 571 556 558
3 572 510 548
3 572 532 510
3 572 587 532
3 573 527 547
3 573 586 616
3 574 529 538
3 574 538 573
3 574 573 608
3 576 551 601
3 576 571 551
3 576 582 571
3 576 601 582
3 577 544 584
3 577 555 544
3 577 592 569
3 578 525 513
3 578 546 525
3 578 590 612
3 578 612 588
3 579 553 574
3 579 590 533
3 580 526 566
3 581 546 588
3 581 598 567
3 582 565 571
3 583 628 668
3 584 559 575
3 584 592 577
3 584 630 599
3 585 575 565
3 585 595 575
3 585 601 604
3 586 569 592
3 586 573 547
3 587 572 613
3 588 612 603
3 589 537 497
3 589 628 537
3 590 562 536
3 590 578 562
3 590 579 608
3 590 608 612
3 591 602 618
3 592 584 599
3 592 599 633
3 593 523 580
3 593 601 551
3 594 554 563
3 594 563 606
3 595 585 604
3 595 632 596
3 596 575 595
3 596 584 575
3 596 630 584
3 597 602 643
3 598 572 548
3 598 581 603
3 598 627 613
3 599 619 626
3 599 630 623
3 600 568 583
3 600 583 658
3 601 585 582
3 601 593 620
3 601 611 604
3 602 591 643
3 602 614 655
3 602 655 625
3 603 581 588
3 604 647 635
3 605 564 600
3 605 600 658
3 605 675 610
3 606 563 570
3 606 570 587
3 606 587 624
3 607 566 594
3 607 594 629
3 608 579 574
3 609 591 618
3 609 615 591
3 610 675 535
3 612 638 627
3 613 572 598
3 614 602 597
3 614 651 655
3 615 643 591
3 616 586 633
3 616 608 573
3 616 633 638
3 617 609 618
3 617 648 609
3 618 625 661
3 618 677 660
3 619 597 644
3 619 599 623
3 619 614 597
3 619 623 614
3 620 593 636
3 620 611 601
3 620 654 611
3 620 667 654
3 620 671 667
3 621 648 617
3 621 663 656
3 622 580 607
3 622 593 580
3 622 607 649
3 622 636 593
3 622 646 636
3 623 630 652
3 623 652 651
3 624 587 613
3 624 613 653
3 625 618 602
3 626 619 640
3 626 633 599
3 626 637 633
3 626 640 648
3 626 656 637
3 627 598 603
3 627 603 612
3 627 638 641
3 627 641 653
3 628 545 537
3 629 594 606
3 629 606 624
3 629 649 607
3 630 596 632
3 631 535 675
3 631 675 634
3 632 652 630
3 632 657 652
3 633 586 592
3 633 642 638
3 634 485 560
3 634 560 631
3 634 675 682
3 635 595 604
3 635 632 595
3 635 657 632
3 636 671 620
3 636 672 671
3 637 641 642
3 637 645 641
3 638 608 616
3 638 612 608
3 639 617 660
3 639 621 617
3 639 679 663
3 640 609 648
3 640 615 609
3 640 643 615
3 640 644 643
3 641 638 642
3 641 645 653
3 642 633 637
3 643 644 597
3 644 640 619
3 645 659 673
3 646 622 649
3 646 649 650
3 646 650 680
3 646 672 636
3 647 604 611
3 647 611 654
3 647 657 635
3 648 621 656
3 648 656 626
3 649 629 653
3 650 645 662
3 650 653 645
3 650 662 678
3 651 614 623
3 651 652 655
3 653 613 627
3 653 629 624
3 653 650 649
3 654 664 647
3 654 667 676
3 654 676 664
3 655 652 657
3 657 647 664
3 658 668 688
3 659 637 656
3 659 645 637
3 659 656 663
3 660 617 618
3 660 666 639
3 660 677 666
3 661 625 655
3 661 655 657
3 662 645 673
3 663 621 639
3 663 679 659
3 664 661 657
3 665 661 664
3 665 669 661
3 665 676 674
3 665 681 669
3 666 670 685
3 668 628 589
3 668 658 583
3 668 687 688
3 670 666 683
3 671 684 667
3 671 686 684
3 672 686 671
3 673 659 679
3 673 678 662
3 674 681 665
3 674 683 681
3 674 684 686
3 675 605 658
3 675 658 688
3 675 688 682
3 676 665 664
3 676 667 684
3 676 684 674
3 677 618 661
3 677 661 669
3 677 669 681
3 678 673 685
3 678 680 650
3 679 639 666
3 679 685 673
3 680 672 646
3 680 678 685
3 680 685 686
3 680 686 672
3 683 666 677
3 683 674 670
3 683 677 681
3 685 679 666
3 686 670 674
3 686 685 670
3 687 682 688
